"2018-03-15 at 15:44"
Date(Y-M-D) Time(H:M:S) CO2(ppm) H2O(ppt) H2O(C) Cell_Temperature(C) Cell_Pressure(kPa) CO2_Absorption H2O_Absorption
2018-03-15 15:44:31 421.79 28.14 15.27 51.02 61.87 0.0537 0.0882
2018-03-15 15:44:32 422.30 28.11 15.25 51.02 61.85 0.0537 0.0882
2018-03-15 15:44:33 422.13 28.10 15.24 51.00 61.83 0.0537 0.0882
2018-03-15 15:44:34 423.49 28.15 15.27 51.00 61.88 0.0538 0.0883
2018-03-15 15:44:35 422.98 28.08 15.24 51.02 61.89 0.0538 0.0881
2018-03-15 15:44:36 424.36 28.14 15.27 51.02 61.89 0.0540 0.0883
2018-03-15 15:44:37 424.50 28.12 15.26 51.02 61.90 0.0540 0.0883
2018-03-15 15:44:38 424.99 28.07 15.23 51.02 61.89 0.0539 0.0881
2018-03-15 15:44:39 426.14 28.10 15.25 51.02 61.88 0.0542 0.0882
2018-03-15 15:44:40 426.84 28.08 15.24 51.00 61.88 0.0542 0.0882
2018-03-15 15:44:41 426.98 28.08 15.24 51.00 61.89 0.0542 0.0881
2018-03-15 15:44:42 426.98 28.08 15.24 51.00 61.89 0.0542 0.0881
2018-03-15 15:44:43 427.46 28.07 15.24 51.00 61.91 0.0543 0.0882
2018-03-15 15:44:44 427.42 28.02 15.21 51.00 61.89 0.0542 0.0881
2018-03-15 15:44:45 429.02 28.03 15.22 51.03 61.91 0.0544 0.0881
2018-03-15 15:44:46 429.77 28.04 15.22 51.02 61.92 0.0545 0.0881
2018-03-15 15:44:47 429.56 28.05 15.22 51.02 61.90 0.0544 0.0881
2018-03-15 15:44:48 430.08 28.03 15.21 51.02 61.91 0.0545 0.0880
2018-03-15 15:44:49 430.70 27.97 15.19 51.00 61.92 0.0546 0.0879
2018-03-15 15:44:50 431.67 28.01 15.21 51.00 61.92 0.0546 0.0880
2018-03-15 15:44:51 432.20 27.97 15.18 50.99 61.90 0.0547 0.0879
2018-03-15 15:44:52 433.08 28.03 15.22 51.02 61.93 0.0549 0.0881
2018-03-15 15:44:53 433.23 27.98 15.19 51.03 61.92 0.0548 0.0880
2018-03-15 15:44:54 434.37 28.03 15.22 51.02 61.92 0.0549 0.0880
2018-03-15 15:44:55 435.00 27.97 15.19 51.02 61.92 0.0550 0.0880
2018-03-15 15:44:56 435.28 27.94 15.18 50.99 61.96 0.0550 0.0880
2018-03-15 15:44:57 435.78 27.94 15.17 51.00 61.91 0.0549 0.0878
2018-03-15 15:44:58 436.56 27.97 15.18 51.00 61.92 0.0552 0.0880
2018-03-15 15:44:59 436.21 27.91 15.15 51.02 61.92 0.0550 0.0878
2018-03-15 15:45:00 437.50 27.95 15.17 51.02 61.92 0.0552 0.0880
2018-03-15 15:45:01 438.64 27.96 15.19 51.02 61.96 0.0553 0.0880
2018-03-15 15:45:02 438.34 27.96 15.18 51.02 61.94 0.0553 0.0880
2018-03-15 15:45:03 439.01 27.96 15.18 51.00 61.91 0.0553 0.0879
2018-03-15 15:45:04 440.88 27.93 15.16 50.99 61.92 0.0555 0.0879
2018-03-15 15:45:05 440.95 27.94 15.17 50.99 61.91 0.0555 0.0879
2018-03-15 15:45:06 441.68 27.93 15.16 51.00 61.89 0.0555 0.0878
2018-03-15 15:45:07 442.58 27.98 15.18 51.03 61.89 0.0556 0.0879
2018-03-15 15:45:08 441.94 27.92 15.16 51.02 61.91 0.0556 0.0879
2018-03-15 15:45:09 443.33 27.94 15.17 51.02 61.92 0.0558 0.0879
2018-03-15 15:45:10 444.63 27.95 15.17 51.02 61.92 0.0558 0.0879
2018-03-15 15:45:11 444.44 27.91 15.15 50.99 61.90 0.0559 0.0878
2018-03-15 15:45:12 445.81 27.94 15.17 50.99 61.92 0.0559 0.0879
2018-03-15 15:45:13 445.21 27.88 15.14 51.02 61.93 0.0559 0.0878
2018-03-15 15:45:14 445.41 27.88 15.13 51.02 61.91 0.0560 0.0879
2018-03-15 15:45:15 448.10 27.92 15.16 51.02 61.91 0.0561 0.0878
2018-03-15 15:45:16 446.98 27.92 15.16 51.02 61.91 0.0561 0.0878
2018-03-15 15:45:17 448.89 27.89 15.14 51.02 61.92 0.0563 0.0878
2018-03-15 15:45:18 448.59 27.92 15.16 51.00 61.94 0.0562 0.0879
2018-03-15 15:45:19 449.90 27.90 15.16 50.99 61.96 0.0563 0.0878
2018-03-15 15:45:20 449.55 27.88 15.14 51.00 61.96 0.0564 0.0879
2018-03-15 15:45:21 451.36 27.84 15.13 51.02 61.97 0.0564 0.0877
2018-03-15 15:45:22 451.86 27.88 15.14 51.03 61.95 0.0566 0.0878
2018-03-15 15:45:23 453.02 27.85 15.13 51.02 61.96 0.0566 0.0877
2018-03-15 15:45:24 452.48 27.78 15.09 51.02 61.95 0.0566 0.0876
2018-03-15 15:45:25 452.60 27.83 15.11 51.00 61.94 0.0566 0.0877
2018-03-15 15:45:26 454.36 27.81 15.10 50.99 61.94 0.0567 0.0876
2018-03-15 15:45:27 454.78 27.80 15.10 51.02 61.97 0.0569 0.0877
2018-03-15 15:45:28 454.91 27.68 15.04 51.02 61.99 0.0568 0.0874
2018-03-15 15:45:29 455.32 27.73 15.06 51.03 61.94 0.0568 0.0875
2018-03-15 15:45:30 456.24 27.75 15.07 51.02 61.96 0.0570 0.0876
2018-03-15 15:45:32 456.84 27.75 15.07 51.02 61.94 0.0570 0.0875
2018-03-15 15:45:33 457.38 27.74 15.06 51.02 61.93 0.0571 0.0875
2018-03-15 15:45:34 458.96 27.68 15.03 51.02 61.94 0.0572 0.0874
2018-03-15 15:45:35 459.07 27.73 15.07 51.00 61.97 0.0573 0.0875
2018-03-15 15:45:36 459.28 27.62 15.01 51.00 61.99 0.0572 0.0873
2018-03-15 15:45:37 460.55 27.61 15.01 51.03 62.02 0.0574 0.0873
2018-03-15 15:45:38 460.47 27.47 14.92 51.02 61.98 0.0574 0.0870
2018-03-15 15:45:39 461.51 27.53 14.96 51.02 61.99 0.0575 0.0871
2018-03-15 15:45:40 461.71 27.46 14.91 51.02 61.98 0.0575 0.0870
2018-03-15 15:45:41 462.96 27.44 14.90 50.99 61.98 0.0576 0.0869
2018-03-15 15:45:42 463.55 27.38 14.87 51.00 61.98 0.0576 0.0868
2018-03-15 15:45:43 463.29 27.39 14.87 51.02 61.98 0.0576 0.0868
2018-03-15 15:45:44 463.61 27.37 14.86 51.02 61.96 0.0576 0.0867
2018-03-15 15:45:45 464.43 27.30 14.82 51.04 61.98 0.0576 0.0866
2018-03-15 15:45:46 465.34 27.35 14.85 51.02 62.00 0.0578 0.0867
2018-03-15 15:45:47 467.07 27.31 14.82 51.02 61.96 0.0579 0.0866
2018-03-15 15:45:48 467.11 27.29 14.82 51.02 61.96 0.0579 0.0866
2018-03-15 15:45:49 466.72 27.24 14.78 51.02 61.94 0.0578 0.0864
2018-03-15 15:45:50 466.33 27.25 14.78 50.99 61.90 0.0578 0.0863
2018-03-15 15:45:51 468.26 27.22 14.76 51.02 61.89 0.0580 0.0864
2018-03-15 15:45:52 468.61 27.22 14.76 51.03 61.89 0.0580 0.0863
2018-03-15 15:45:53 469.33 27.22 14.77 51.02 61.93 0.0581 0.0864
2018-03-15 15:45:54 469.60 27.22 14.76 51.02 61.91 0.0581 0.0863
2018-03-15 15:45:55 470.55 27.21 14.76 50.99 61.92 0.0582 0.0863
2018-03-15 15:45:56 471.07 27.19 14.75 50.99 61.94 0.0583 0.0863
2018-03-15 15:45:57 471.91 27.19 14.76 50.99 61.96 0.0584 0.0864
2018-03-15 15:45:58 472.26 27.18 14.75 51.02 61.97 0.0584 0.0863
2018-03-15 15:45:59 472.91 27.14 14.73 51.02 61.98 0.0584 0.0863
2018-03-15 15:46:00 472.96 27.19 14.76 51.02 61.96 0.0585 0.0864
2018-03-15 15:46:01 474.50 27.22 14.78 51.02 61.98 0.0586 0.0864
2018-03-15 15:46:02 474.46 27.13 14.73 51.02 61.98 0.0586 0.0862
2018-03-15 15:46:03 475.19 27.15 14.75 51.00 62.01 0.0587 0.0863
2018-03-15 15:46:04 476.09 27.11 14.72 50.99 61.98 0.0587 0.0862
2018-03-15 15:46:05 476.61 27.13 14.72 51.02 61.96 0.0587 0.0862
2018-03-15 15:46:06 476.39 27.09 14.70 51.02 61.97 0.0588 0.0862
2018-03-15 15:46:07 476.83 27.04 14.68 51.02 61.99 0.0588 0.0860
2018-03-15 15:46:08 478.04 27.02 14.67 51.02 61.98 0.0590 0.0860
2018-03-15 15:46:09 478.62 26.99 14.65 51.02 61.98 0.0590 0.0859
2018-03-15 15:46:10 480.32 26.99 14.64 51.00 61.97 0.0591 0.0860
2018-03-15 15:46:11 479.42 26.95 14.63 50.99 61.98 0.0590 0.0858
2018-03-15 15:46:12 480.89 26.97 14.65 51.02 62.02 0.0593 0.0859
2018-03-15 15:46:13 480.19 26.87 14.58 51.02 62.00 0.0591 0.0857
2018-03-15 15:46:14 481.46 26.91 14.61 51.03 62.02 0.0592 0.0858
2018-03-15 15:46:15 482.92 26.87 14.59 51.02 62.04 0.0594 0.0857
2018-03-15 15:46:16 482.04 26.82 14.55 51.02 61.97 0.0592 0.0855
2018-03-15 15:46:17 482.76 26.81 14.54 51.00 61.98 0.0593 0.0855
2018-03-15 15:46:18 483.29 26.76 14.51 50.99 61.98 0.0595 0.0854
