Mar 17 2018 at 8:08:10
Frequency: 1.00Hz.
CO2
Zero:  Value:0.91  Date:May 19 2009 at 7:53:33 AM
Span:  Value:1.00  Date:May 19 2009 at 8:00:06 AM
H2O
Zero:  Value:0.77  Date:May 19 2009 at 7:54:01 AM
Span:  Value:1.01  Date:28 Jun 2004	 at 08:29:05	
Windy, High light, cold, condensation
	Relative Time	Temperature	Pressure	Aux Input	CO2 Absorptance	CO2 mmol/m3	CO2 mg/m3	CO2 umol/mol	H2O Absorptance	H2O mmol/m3	H2O g/m3	H2O mmol/mol	H2O(°C)	Cooler Voltage
	0.78	13.67	64.32	0.00	0.0592	10.77	473.9	399.30	0.0573	470.9	8.475	17.46	8.62	1.38
	1.70	13.67	64.32	0.00	0.0592	10.77	473.9	399.38	0.0578	475.6	8.562	17.64	8.77	1.38
	2.78	13.67	64.29	0.00	0.0592	10.77	473.9	399.50	0.0577	474.5	8.541	17.60	8.73	1.38
	3.70	13.67	64.29	0.00	0.0593	10.76	473.6	399.19	0.0581	477.8	8.600	17.72	8.83	1.38
	4.70	13.69	64.32	0.00	0.0593	10.77	474.0	399.38	0.0585	482.1	8.677	17.87	8.96	1.38
	5.70	13.67	64.29	0.00	0.0593	10.77	474.0	399.57	0.0581	477.9	8.602	17.73	8.84	1.38
	6.78	13.67	64.29	0.00	0.0593	10.77	474.0	399.52	0.0583	480.4	8.646	17.82	8.91	1.38
	7.70	13.69	64.29	0.00	0.0593	10.77	473.8	399.40	0.0583	481.4	8.665	17.86	8.94	1.38
	8.72	13.69	64.32	0.00	0.0594	10.78	474.2	399.61	0.0589	486.6	8.759	18.04	9.10	1.38
	9.70	13.69	64.29	0.00	0.0594	10.80	475.4	400.77	0.0590	493.9	8.891	18.32	9.32	1.38
	10.72	13.69	64.29	0.00	0.0594	10.80	475.1	400.51	0.0590	489.0	8.802	18.14	9.18	1.38
	11.70	13.70	64.29	0.00	0.0593	10.78	474.3	399.82	0.0588	487.8	8.780	18.09	9.14	1.38
	12.72	13.70	64.29	0.00	0.0594	10.78	474.5	400.02	0.0591	488.5	8.793	18.12	9.16	1.38
	13.70	13.70	64.27	0.00	0.0592	10.78	474.4	400.06	0.0589	488.9	8.800	18.14	9.17	1.38
	14.72	13.70	64.29	0.00	0.0594	10.79	474.6	400.14	0.0593	491.2	8.841	18.22	9.24	1.38
	17.84	13.70	64.29	0.00	0.0593	10.78	474.5	399.99	0.0589	489.6	8.814	18.16	9.20	1.38
	17.88	13.69	64.29	0.00	0.0594	10.78	474.5	400.03	0.0591	491.4	8.845	18.23	9.25	1.38
	17.88	13.72	64.29	0.00	0.0593	10.79	474.6	400.16	0.0590	491.3	8.844	18.23	9.25	1.38
	18.72	13.70	64.30	0.00	0.0594	10.80	475.2	400.55	0.0596	496.7	8.940	18.42	9.41	1.38
	19.70	13.72	64.34	0.00	0.0593	10.80	475.2	400.32	0.0600	498.6	8.974	18.48	9.47	1.38
	20.72	13.70	64.29	0.00	0.0593	10.79	474.8	400.29	0.0593	494.8	8.906	18.35	9.35	1.38
	21.70	13.72	64.29	0.00	0.0594	10.80	475.1	400.51	0.0596	495.4	8.918	18.38	9.37	1.38
	22.72	13.72	64.29	0.00	0.0595	10.79	474.9	400.38	0.0598	498.0	8.963	18.47	9.45	1.38
	23.70	13.72	64.29	0.00	0.0595	10.80	475.4	400.79	0.0602	502.3	9.042	18.63	9.58	1.38
	24.72	13.71	64.30	0.00	0.0594	10.80	475.0	400.46	0.0596	497.8	8.961	18.46	9.44	1.38
	25.70	13.74	64.29	0.00	0.0594	10.81	475.6	400.98	0.0598	499.6	8.993	18.53	9.50	1.38
	26.72	13.74	64.29	0.00	0.0595	10.81	475.5	400.87	0.0599	500.8	9.014	18.58	9.53	1.38
	27.70	13.74	64.29	0.00	0.0595	10.80	475.3	400.74	0.0600	499.6	8.993	18.53	9.50	1.38
	28.72	13.72	64.29	0.00	0.0594	10.81	475.5	400.90	0.0604	500.4	9.007	18.56	9.52	1.38
	29.72	13.74	64.29	0.00	0.0595	10.81	475.6	401.01	0.0603	504.1	9.073	18.70	9.63	1.38
	30.72	13.75	64.29	0.00	0.0595	10.81	475.5	400.92	0.0601	502.0	9.036	18.62	9.57	1.38
	31.72	13.75	64.29	0.00	0.0594	10.80	475.4	400.81	0.0602	502.0	9.037	18.63	9.57	1.38
	32.72	13.75	64.29	0.00	0.0595	10.81	475.8	401.23	0.0604	505.9	9.107	18.77	9.69	1.38
	33.72	13.75	64.32	0.00	0.0594	10.81	475.5	400.81	0.0601	503.1	9.056	18.66	9.60	1.38
	34.70	13.75	64.29	0.00	0.0596	10.82	476.3	401.58	0.0605	507.5	9.136	18.83	9.73	1.38
	35.72	13.74	64.29	0.00	0.0595	10.83	476.4	401.66	0.0608	509.2	9.166	18.89	9.78	1.38
	36.70	13.75	64.32	0.00	0.0596	10.83	476.3	401.48	0.0606	510.6	9.191	18.94	9.82	1.38
	37.72	13.75	64.29	0.00	0.0595	10.82	476.0	401.38	0.0605	507.4	9.134	18.83	9.73	1.38
	38.70	13.75	64.32	0.00	0.0595	10.82	476.1	401.30	0.0607	507.8	9.141	18.83	9.74	1.38
	39.72	13.77	64.32	0.00	0.0594	10.82	476.2	401.40	0.0605	508.4	9.151	18.85	9.76	1.38
	40.70	13.77	64.29	0.00	0.0596	10.83	476.6	401.92	0.0607	511.2	9.201	18.97	9.84	1.38
	41.70	13.77	64.29	0.00	0.0595	10.83	476.5	401.81	0.0608	511.3	9.203	18.97	9.84	1.38
	42.70	13.77	64.24	0.00	0.0596	10.83	476.6	402.19	0.0610	511.9	9.214	19.01	9.86	1.38
	43.70	13.77	64.29	0.00	0.0595	10.83	476.4	401.71	0.0608	510.2	9.184	18.93	9.81	1.38
	44.70	13.78	64.32	0.00	0.0595	10.83	476.7	401.83	0.0609	512.6	9.227	19.01	9.88	1.38
	45.70	13.77	64.29	0.00	0.0595	10.83	476.6	401.92	0.0610	512.8	9.231	19.03	9.89	1.38
	46.70	13.78	64.29	0.00	0.0596	10.83	476.7	401.95	0.0611	511.7	9.210	18.98	9.86	1.38
	47.70	13.77	64.32	0.00	0.0597	10.84	476.8	401.93	0.0610	513.2	9.238	19.04	9.90	1.38
	48.80	13.78	64.29	0.00	0.0596	10.84	476.9	402.19	0.0611	514.3	9.257	19.08	9.93	1.38
	49.72	13.78	64.29	0.00	0.0596	10.84	477.1	402.36	0.0613	515.9	9.287	19.14	9.98	1.38
	50.72	13.80	64.29	0.00	0.0596	10.84	476.9	402.16	0.0612	514.8	9.267	19.10	9.95	1.38
	51.72	13.78	64.29	0.00	0.0597	10.85	477.3	402.50	0.0614	516.7	9.300	19.17	10.00	1.38
	52.80	13.78	64.32	0.00	0.0595	10.84	477.1	402.20	0.0612	515.3	9.275	19.11	9.96	1.38
	53.72	13.80	64.29	0.00	0.0596	10.84	477.1	402.33	0.0612	516.1	9.290	19.15	9.98	1.38
	54.80	13.80	64.29	0.00	0.0597	10.85	477.4	402.61	0.0615	518.5	9.332	19.24	10.05	1.38
	55.72	13.80	64.32	0.00	0.0597	10.85	477.3	402.36	0.0614	518.0	9.323	19.21	10.04	1.38
	56.72	13.82	64.29	0.00	0.0595	10.85	477.2	402.45	0.0615	517.4	9.314	19.20	10.02	1.38
	57.72	13.80	64.29	0.00	0.0597	10.85	477.3	402.53	0.0617	519.9	9.359	19.29	10.10	1.38
	58.72	13.83	64.32	0.00	0.0597	10.86	477.9	402.86	0.0616	521.2	9.381	19.33	10.13	1.38
	59.72	13.80	64.32	0.00	0.0596	10.85	477.3	402.33	0.0616	519.0	9.342	19.25	10.07	1.38
	60.72	13.82	64.29	0.00	0.0597	10.85	477.5	402.69	0.0616	519.7	9.354	19.28	10.09	1.38
	61.70	13.80	64.34	0.00	0.0597	10.85	477.6	402.52	0.0616	519.9	9.359	19.28	10.10	1.38
	62.72	13.80	64.29	0.00	0.0598	10.85	477.4	402.61	0.0616	518.5	9.333	19.24	10.05	1.38
	63.70	13.82	64.32	0.00	0.0596	10.85	477.4	402.48	0.0615	519.0	9.343	19.25	10.07	1.38
	64.72	13.83	64.32	0.00	0.0595	10.86	477.8	402.85	0.0616	520.5	9.369	19.31	10.11	1.38
	65.70	13.83	64.29	0.00	0.0596	10.86	477.8	402.95	0.0616	520.8	9.374	19.33	10.12	1.38
	66.72	13.83	64.29	0.00	0.0597	10.86	478.0	403.12	0.0619	522.1	9.398	19.38	10.16	1.38
	67.72	13.85	64.32	0.00	0.0598	10.86	478.0	403.07	0.0619	523.6	9.424	19.42	10.20	1.38
	68.72	13.85	64.32	0.00	0.0596	10.86	477.8	402.85	0.0618	521.6	9.389	19.35	10.15	1.38
	69.72	13.83	64.29	0.00	0.0597	10.86	477.8	402.97	0.0618	521.5	9.387	19.35	10.14	1.38
	70.72	13.83	64.29	0.00	0.0596	10.86	478.0	403.19	0.0618	522.6	9.407	19.39	10.17	1.38
	71.72	13.83	64.32	0.00	0.0597	10.87	478.1	403.11	0.0619	523.9	9.430	19.43	10.21	1.38
	72.72	13.85	64.29	0.00	0.0597	10.86	478.0	403.13	0.0620	523.7	9.426	19.43	10.21	1.38
	73.72	13.83	64.29	0.00	0.0596	10.87	478.1	403.28	0.0619	523.5	9.424	19.43	10.20	1.38
	74.72	13.85	64.29	0.00	0.0597	10.87	478.4	403.50	0.0621	525.2	9.453	19.49	10.25	1.38
	75.73	13.86	64.32	0.00	0.0597	10.87	478.5	403.42	0.0621	526.3	9.474	19.53	10.28	1.38
	76.72	13.85	64.29	0.00	0.0597	10.88	478.5	403.63	0.0621	526.6	9.479	19.54	10.29	1.38
	77.72	13.85	64.29	0.00	0.0598	10.87	478.5	403.60	0.0622	526.7	9.481	19.55	10.29	1.38
	78.72	13.87	64.29	0.00	0.0598	10.88	478.5	403.64	0.0623	526.7	9.480	19.55	10.29	1.38
	79.72	13.85	64.32	0.00	0.0597	10.88	478.6	403.56	0.0623	527.0	9.485	19.55	10.30	1.38
	80.72	13.87	64.32	0.00	0.0597	10.88	478.8	403.70	0.0622	527.3	9.492	19.56	10.31	1.38
	81.72	13.87	64.29	0.00	0.0598	10.88	478.8	403.88	0.0623	528.0	9.504	19.60	10.33	1.38
	82.72	13.88	64.29	0.00	0.0598	10.88	478.8	403.88	0.0623	528.1	9.506	19.60	10.33	1.38
	83.72	13.90	64.35	0.00	0.0598	10.88	478.9	403.69	0.0622	528.8	9.518	19.61	10.35	1.38
	84.72	13.87	64.29	0.00	0.0598	10.88	478.9	403.94	0.0623	528.3	9.510	19.61	10.34	1.38
	85.72	13.88	64.29	0.00	0.0597	10.89	479.2	404.20	0.0625	530.2	9.544	19.68	10.39	1.38
	86.72	13.90	64.27	0.00	0.0598	10.89	478.9	404.21	0.0624	529.7	9.534	19.67	10.38	1.38
	87.72	13.87	64.29	0.00	0.0598	10.89	479.2	404.24	0.0624	530.8	9.555	19.70	10.41	1.38
	88.72	13.88	64.29	0.00	0.0598	10.89	479.0	404.07	0.0625	530.0	9.540	19.67	10.39	1.38
	89.72	13.88	64.29	0.00	0.0599	10.89	479.0	404.04	0.0625	529.8	9.536	19.66	10.38	1.38
	90.72	13.90	64.29	0.00	0.0598	10.89	479.1	404.20	0.0625	530.6	9.551	19.69	10.40	1.38
	91.72	13.91	64.32	0.00	0.0597	10.89	479.2	404.11	0.0625	531.1	9.560	19.71	10.42	1.38
	92.72	13.90	64.29	0.00	0.0599	10.90	479.5	404.49	0.0627	532.1	9.578	19.75	10.45	1.38
	93.72	13.90	64.29	0.00	0.0599	10.91	480.2	405.10	0.0627	534.7	9.625	19.85	10.52	1.38
	94.70	13.90	64.29	0.00	0.0599	10.90	479.6	404.61	0.0626	533.5	9.604	19.80	10.49	1.38
	95.70	13.91	64.29	0.00	0.0599	10.89	479.4	404.41	0.0627	532.2	9.580	19.76	10.45	1.38
	96.70	13.91	64.32	0.00	0.0598	10.90	479.5	404.38	0.0626	532.7	9.589	19.77	10.47	1.38
	97.70	13.91	64.29	0.00	0.0598	10.90	479.5	404.52	0.0626	532.6	9.587	19.77	10.46	1.38
	98.70	13.91	64.32	0.00	0.0598	10.90	479.7	404.57	0.0627	533.6	9.605	19.80	10.49	1.38
	99.70	13.91	64.32	0.00	0.0599	10.91	480.0	404.77	0.0629	535.9	9.646	19.88	10.55	1.38
	100.72	13.90	64.32	0.00	0.0600	10.90	479.8	404.58	0.0629	534.9	9.628	19.85	10.53	1.38
	101.72	13.91	64.29	0.00	0.0599	10.91	479.9	404.84	0.0630	535.2	9.633	19.87	10.53	1.38
	102.72	13.91	64.29	0.00	0.0598	10.90	479.8	404.79	0.0629	535.1	9.632	19.86	10.53	1.38
	103.72	13.91	64.27	0.00	0.0600	10.91	479.8	404.96	0.0629	534.7	9.624	19.85	10.52	1.38
	104.72	13.93	64.29	0.00	0.0598	10.91	480.0	404.98	0.0628	535.8	9.644	19.89	10.55	1.38
	105.72	13.92	64.29	0.00	0.0599	10.91	480.1	405.07	0.0629	536.0	9.648	19.90	10.56	1.38
	106.72	13.93	64.27	0.00	0.0600	10.91	480.1	405.23	0.0631	536.8	9.662	19.93	10.58	1.38
	107.72	13.93	64.29	0.00	0.0599	10.92	480.4	405.29	0.0630	537.3	9.671	19.95	10.59	1.38
	108.72	13.95	64.29	0.00	0.0599	10.91	480.1	405.12	0.0630	536.8	9.663	19.93	10.58	1.38
	109.72	13.95	64.32	0.00	0.0599	10.92	480.4	405.15	0.0631	537.5	9.675	19.95	10.60	1.38
	110.72	13.95	64.32	0.00	0.0600	10.92	480.6	405.30	0.0631	538.4	9.691	19.98	10.63	1.38
	111.72	13.95	64.29	0.00	0.0599	10.92	480.3	405.28	0.0631	537.9	9.683	19.97	10.61	1.38
	112.72	13.93	64.32	0.00	0.0600	10.92	480.4	405.17	0.0632	538.5	9.694	19.99	10.63	1.38
	113.72	13.95	64.32	0.00	0.0599	10.93	480.9	405.60	0.0632	540.0	9.720	20.04	10.67	1.38
	114.72	13.95	64.29	0.00	0.0599	10.93	480.8	405.65	0.0632	539.9	9.718	20.04	10.67	1.38
	115.72	13.96	64.32	0.00	0.0600	10.93	480.8	405.59	0.0635	540.6	9.731	20.07	10.69	1.38
	116.72	13.96	64.29	0.00	0.0600	10.93	480.9	405.79	0.0634	540.7	9.733	20.08	10.69	1.38
	120.73	13.96	64.29	0.00	0.0599	10.93	480.8	405.69	0.0632	540.4	9.728	20.07	10.68	1.38
	120.73	13.96	64.29	0.00	0.0599	10.93	480.9	405.76	0.0634	541.0	9.738	20.08	10.70	1.38
	120.73	13.96	64.29	0.00	0.0599	10.93	480.8	405.71	0.0633	540.8	9.734	20.08	10.69	1.38
	120.73	13.96	64.29	0.00	0.0601	10.93	481.1	405.97	0.0635	541.5	9.747	20.10	10.71	1.38
	121.73	13.96	64.32	0.00	0.0600	10.93	481.1	405.81	0.0635	541.7	9.751	20.11	10.72	1.38
	122.72	13.98	64.29	0.00	0.0601	10.93	481.1	405.95	0.0635	542.2	9.760	20.13	10.73	1.38
	123.73	13.96	64.32	0.00	0.0599	10.93	480.8	405.55	0.0634	541.4	9.746	20.09	10.71	1.38
	124.72	13.98	64.32	0.00	0.0600	10.93	481.0	405.74	0.0636	542.4	9.762	20.13	10.74	1.38
	125.73	13.98	64.29	0.00	0.0600	10.93	481.1	406.00	0.0635	543.1	9.775	20.16	10.76	1.38
	126.72	13.98	64.32	0.00	0.0600	10.94	481.2	405.86	0.0635	543.0	9.774	20.15	10.76	1.38
	127.73	13.98	64.32	0.00	0.0601	10.93	481.1	405.78	0.0635	543.2	9.778	20.16	10.76	1.38
	128.72	14.01	64.29	0.00	0.0599	10.94	481.2	406.07	0.0634	543.2	9.778	20.17	10.76	1.39
	129.72	14.01	64.29	0.00	0.0600	10.94	481.2	406.12	0.0636	544.2	9.796	20.21	10.79	1.38
