Mar 17 2018 at 9:48:58
Frequency: 1.00Hz.
CO2
Zero:  Value:0.91  Date:May 19 2009 at 7:53:33 AM
Span:  Value:1.00  Date:May 19 2009 at 8:00:06 AM
H2O
Zero:  Value:0.77  Date:May 19 2009 at 7:54:01 AM
Span:  Value:1.01  Date:28 Jun 2004	 at 08:29:05	
Light rain, cloud cover, low temps
	Relative Time	Temperature	Pressure	Aux Input	CO2 Absorptance	CO2 mmol/m3	CO2 mg/m3	CO2 umol/mol	H2O Absorptance	H2O mmol/m3	H2O g/m3	H2O mmol/mol	H2O(°C)	Cooler Voltage
	0.14	17.29	64.40	0.00	0.0604	11.04	485.9	414.07	0.0537	429.9	7.738	16.12	7.46	1.35
	1.12	17.29	64.37	0.00	0.0603	11.04	485.7	414.06	0.0539	432.9	7.792	16.24	7.56	1.35
	2.14	17.29	64.37	0.00	0.0602	11.01	484.6	413.13	0.0541	435.3	7.836	16.33	7.65	1.35
	3.12	17.29	64.37	0.00	0.0604	11.02	484.9	413.44	0.0541	434.9	7.828	16.31	7.63	1.35
	4.14	17.31	64.37	0.00	0.0603	11.03	485.2	413.65	0.0544	435.3	7.836	16.33	7.65	1.35
	5.20	17.28	64.37	0.00	0.0602	11.02	484.7	413.25	0.0544	434.7	7.825	16.31	7.62	1.35
	6.14	17.29	64.35	0.00	0.0602	11.00	484.0	412.78	0.0547	438.7	7.897	16.46	7.76	1.35
	7.20	17.31	64.40	0.00	0.0602	10.99	483.5	412.07	0.0545	438.8	7.898	16.45	7.76	1.34
	8.14	17.31	64.37	0.00	0.0602	10.99	483.5	412.22	0.0546	440.8	7.934	16.54	7.83	1.35
	9.14	17.31	64.37	0.00	0.0602	10.99	483.7	412.44	0.0548	439.5	7.911	16.49	7.79	1.34
	10.12	17.29	64.40	0.00	0.0601	10.97	482.7	411.33	0.0550	442.9	7.972	16.61	7.90	1.34
	11.14	17.29	64.37	0.00	0.0602	10.97	482.8	411.62	0.0550	443.9	7.989	16.65	7.93	1.35
	12.14	17.29	64.35	0.00	0.0601	10.95	481.9	411.04	0.0560	450.1	8.102	16.89	8.14	1.35
	13.14	17.29	64.37	0.00	0.0600	10.96	482.0	410.96	0.0556	448.3	8.069	16.82	8.08	1.35
	14.14	17.29	64.37	0.00	0.0602	10.98	483.3	412.02	0.0552	450.2	8.103	16.89	8.14	1.35
	15.14	17.29	64.39	0.00	0.0604	10.99	483.8	412.30	0.0552	446.7	8.041	16.75	8.02	1.34
	16.14	17.29	64.35	0.00	0.0602	10.95	481.9	411.02	0.0556	448.8	8.078	16.84	8.09	1.34
	17.14	17.31	64.37	0.00	0.0601	10.97	482.5	411.40	0.0555	447.5	8.056	16.79	8.05	1.35
	18.22	17.31	64.37	0.00	0.0600	10.96	482.3	411.21	0.0560	453.6	8.165	17.02	8.25	1.35
	19.14	17.31	64.37	0.00	0.0602	10.99	483.6	412.33	0.0558	450.4	8.107	16.90	8.15	1.34
	20.22	17.31	64.37	0.00	0.0601	10.97	482.5	411.40	0.0556	454.4	8.180	17.05	8.28	1.35
	21.14	17.31	64.37	0.00	0.0599	10.96	482.1	411.08	0.0555	451.6	8.129	16.94	8.19	1.35
	22.16	17.33	64.39	250.10	0.0600	10.98	483.2	411.86	0.0559	455.4	8.197	17.08	8.31	1.35
	23.12	17.31	64.40	0.00	0.0603	10.98	483.0	411.64	0.0560	454.1	8.174	17.03	8.27	1.35
	24.14	17.29	64.37	0.00	0.0601	10.94	481.4	410.44	0.0561	455.4	8.197	17.08	8.31	1.35
	25.12	17.31	64.35	0.00	0.0601	10.97	482.9	411.84	0.0557	453.6	8.164	17.02	8.25	1.34
	26.14	17.31	64.40	0.00	0.0603	10.97	482.9	411.53	0.0559	455.0	8.189	17.06	8.30	1.35
	27.12	17.29	64.37	0.00	0.0601	10.94	481.5	410.48	0.0559	454.3	8.178	17.04	8.27	1.35
	28.14	17.31	64.37	0.00	0.0600	10.97	482.6	411.47	0.0562	455.4	8.197	17.08	8.31	1.35
	29.12	17.33	64.40	0.00	0.0601	10.96	482.4	411.13	0.0563	457.8	8.241	17.17	8.39	1.35
	30.14	17.31	64.37	0.00	0.0600	10.93	480.8	409.92	0.0565	461.0	8.298	17.29	8.49	1.35
	31.12	17.31	64.37	0.00	0.0602	10.98	483.0	411.77	0.0563	459.4	8.269	17.23	8.44	1.35
	32.14	17.33	64.37	0.00	0.0598	10.92	480.5	409.72	0.0569	465.2	8.373	17.45	8.62	1.35
	33.12	17.33	64.37	0.00	0.0601	10.96	482.3	411.22	0.0566	460.8	8.294	17.29	8.48	1.35
	34.14	17.33	64.37	0.00	0.0597	10.91	479.9	409.21	0.0568	462.7	8.329	17.36	8.55	1.35
	35.14	17.33	64.37	0.00	0.0600	10.94	481.6	410.62	0.0566	462.4	8.324	17.35	8.54	1.35
	36.14	17.33	64.37	0.00	0.0599	10.91	479.9	409.15	0.0572	465.7	8.383	17.47	8.64	1.35
	37.16	17.33	64.37	0.00	0.0599	10.93	481.0	410.12	0.0567	464.4	8.359	17.42	8.60	1.35
	38.14	17.29	64.37	0.00	0.0598	10.90	479.5	408.82	0.0571	468.5	8.433	17.57	8.73	1.35
	39.16	17.33	64.39	0.00	0.0598	10.90	479.6	408.81	0.0571	467.3	8.412	17.53	8.69	1.35
	40.14	17.33	64.37	0.00	0.0598	10.89	479.0	408.38	0.0571	469.1	8.444	17.60	8.75	1.35
	41.16	17.31	64.35	0.00	0.0597	10.88	478.5	408.11	0.0572	469.4	8.450	17.62	8.76	1.35
	42.14	17.31	64.35	0.00	0.0599	10.88	478.5	408.12	0.0575	472.1	8.497	17.72	8.84	1.35
	43.16	17.29	64.37	0.00	0.0599	10.87	478.3	407.76	0.0575	471.6	8.489	17.69	8.82	1.35
	44.14	17.31	64.37	0.00	0.0598	10.87	478.3	407.76	0.0577	472.6	8.507	17.73	8.86	1.35
	45.14	17.33	64.37	0.00	0.0597	10.87	478.3	407.86	0.0579	471.7	8.491	17.70	8.83	1.35
	46.14	17.33	64.37	0.00	0.0594	10.84	477.0	406.71	0.0581	473.4	8.521	17.76	8.88	1.35
	47.14	17.33	64.35	0.00	0.0596	10.84	476.9	406.79	0.0574	472.4	8.504	17.73	8.85	1.35
	48.14	17.34	64.37	0.00	0.0596	10.85	477.6	407.21	0.0577	472.5	8.505	17.73	8.86	1.35
	49.14	17.33	64.37	0.00	0.0597	10.85	477.4	407.07	0.0575	472.5	8.506	17.73	8.86	1.35
	50.12	17.33	64.37	0.00	0.0596	10.84	476.7	406.50	0.0575	474.0	8.532	17.78	8.90	1.35
	51.14	17.33	64.40	0.00	0.0597	10.82	476.2	405.90	0.0578	473.6	8.524	17.76	8.89	1.35
	52.12	17.33	64.37	0.00	0.0597	10.81	475.7	405.58	0.0576	473.3	8.519	17.76	8.88	1.35
	53.14	17.33	64.37	0.00	0.0596	10.80	475.4	405.35	0.0577	472.1	8.498	17.71	8.84	1.35
	54.14	17.33	64.37	0.00	0.0593	10.79	474.9	404.92	0.0577	473.5	8.522	17.76	8.88	1.35
	55.14	17.33	64.37	0.00	0.0592	10.77	474.0	404.17	0.0579	475.6	8.561	17.84	8.95	1.35
	56.14	17.33	64.37	0.00	0.0591	10.75	472.9	403.21	0.0577	474.3	8.537	17.79	8.91	1.35
	57.14	17.33	64.37	0.00	0.0591	10.73	472.1	402.50	0.0579	474.2	8.536	17.79	8.91	1.35
	58.14	17.33	64.37	0.00	0.0589	10.71	471.2	401.78	0.0579	474.5	8.541	17.80	8.92	1.35
	59.14	17.34	64.37	0.00	0.0587	10.69	470.4	401.07	0.0578	474.7	8.545	17.81	8.92	1.35
	60.14	17.36	64.37	0.00	0.0589	10.69	470.3	401.08	0.0576	473.3	8.520	17.76	8.88	1.35
	61.14	17.33	64.37	0.00	0.0588	10.66	469.1	399.99	0.0578	475.0	8.550	17.82	8.93	1.35
	62.14	17.34	64.37	0.00	0.0587	10.64	468.3	399.36	0.0576	472.5	8.505	17.73	8.86	1.35
	63.14	17.34	64.37	0.00	0.0588	10.65	468.8	399.71	0.0576	473.2	8.518	17.75	8.88	1.35
	64.14	17.34	64.37	0.00	0.0588	10.63	467.7	398.78	0.0580	475.4	8.558	17.84	8.95	1.35
	65.12	17.31	64.37	0.00	0.0587	10.60	466.5	397.73	0.0578	474.3	8.537	17.79	8.91	1.35
	66.14	17.34	64.37	0.00	0.0584	10.56	464.6	396.14	0.0576	473.6	8.524	17.77	8.89	1.35
	67.14	17.34	64.37	0.00	0.0582	10.55	464.0	395.64	0.0576	472.4	8.504	17.73	8.85	1.35
	68.14	17.38	64.37	0.00	0.0581	10.53	463.3	395.13	0.0576	473.0	8.514	17.75	8.87	1.35
	69.22	17.33	64.35	0.00	0.0583	10.51	462.3	394.34	0.0573	471.1	8.479	17.68	8.81	1.35
	70.14	17.34	64.37	0.00	0.0578	10.45	459.6	391.92	0.0576	472.3	8.501	17.72	8.85	1.35
	71.16	17.34	64.37	0.00	0.0579	10.43	459.1	391.50	0.0572	468.0	8.424	17.56	8.71	1.35
	72.14	17.36	64.37	0.00	0.0579	10.44	459.5	391.88	0.0572	468.1	8.426	17.56	8.72	1.35
	73.16	17.38	64.37	0.00	0.0575	10.39	457.1	389.85	0.0575	471.7	8.490	17.70	8.83	1.35
	74.14	17.36	64.39	0.00	0.0577	10.38	456.7	389.32	0.0572	468.4	8.431	17.57	8.73	1.35
	75.16	17.38	64.35	0.00	0.0573	10.34	455.0	388.15	0.0571	469.3	8.447	17.62	8.76	1.35
	76.14	17.39	64.37	0.00	0.0575	10.32	454.0	387.15	0.0574	469.7	8.454	17.62	8.77	1.35
	77.16	17.36	64.37	0.00	0.0569	10.26	451.3	384.83	0.0571	469.2	8.446	17.61	8.75	1.35
	78.14	17.34	64.37	0.00	0.0569	10.23	450.1	383.82	0.0574	470.3	8.465	17.64	8.79	1.35
	79.14	17.34	64.37	0.00	0.0570	10.19	448.4	382.36	0.0571	468.4	8.431	17.57	8.73	1.35
	80.14	17.34	64.40	0.00	0.0566	10.14	446.3	380.39	0.0570	465.5	8.378	17.46	8.63	1.35
	81.14	17.34	64.37	0.00	0.0563	10.08	443.4	378.05	0.0571	466.6	8.398	17.51	8.67	1.35
	82.14	17.34	64.37	0.00	0.0562	10.06	442.7	377.52	0.0570	465.3	8.376	17.46	8.63	1.35
	83.14	17.34	64.37	0.00	0.0563	10.03	441.4	376.41	0.0568	464.3	8.357	17.42	8.60	1.35
	84.14	17.33	64.37	0.00	0.0561	10.01	440.2	375.36	0.0569	463.5	8.343	17.39	8.57	1.35
	85.14	17.36	64.37	0.00	0.0558	9.95	437.8	373.37	0.0568	461.5	8.307	17.32	8.51	1.35
	86.12	17.36	64.39	0.00	0.0557	9.91	436.0	371.64	0.0567	462.9	8.331	17.36	8.55	1.35
	87.14	17.38	64.37	0.00	0.0552	9.87	434.5	370.52	0.0567	461.6	8.309	17.32	8.51	1.35
	88.14	17.38	64.37	0.00	0.0552	9.81	431.5	367.98	0.0568	463.5	8.342	17.39	8.57	1.35
