Mar 17 2018 at 9:52:39
Frequency: 1.00Hz.
CO2
Zero:  Value:0.91  Date:May 19 2009 at 7:53:33 AM
Span:  Value:1.00  Date:May 19 2009 at 8:00:06 AM
H2O
Zero:  Value:0.77  Date:May 19 2009 at 7:54:01 AM
Span:  Value:1.01  Date:28 Jun 2004	 at 08:29:05	
Light rain, cloud cover, low temps
	Relative Time	Temperature	Pressure	Aux Input	CO2 Absorptance	CO2 mmol/m3	CO2 mg/m3	CO2 umol/mol	H2O Absorptance	H2O mmol/m3	H2O g/m3	H2O mmol/mol	H2O(°C)	Cooler Voltage
	0.03	17.48	64.37	0.00	0.0597	10.87	478.2	407.92	0.0584	480.2	8.644	18.03	9.10	1.35
	0.97	17.48	64.37	0.00	0.0598	10.87	478.3	408.00	0.0585	480.7	8.652	18.04	9.12	1.35
	2.03	17.46	64.37	0.00	0.0597	10.87	478.4	408.08	0.0583	481.7	8.670	18.08	9.15	1.35
	2.95	17.48	64.40	0.00	0.0597	10.87	478.4	407.97	0.0583	481.3	8.663	18.06	9.13	1.35
	3.97	17.46	64.39	0.00	0.0599	10.87	478.3	407.85	0.0584	482.5	8.685	18.10	9.17	1.35
	4.95	17.49	64.37	0.00	0.0596	10.88	478.7	408.43	0.0584	480.9	8.655	18.05	9.12	1.35
	5.97	17.48	64.37	0.00	0.0598	10.87	478.5	408.19	0.0584	482.4	8.683	18.11	9.17	1.35
	6.95	17.48	64.37	0.00	0.0597	10.88	478.6	408.31	0.0584	482.0	8.676	18.09	9.16	1.35
	7.97	17.46	64.37	0.00	0.0597	10.88	478.6	408.28	0.0585	484.4	8.720	18.18	9.23	1.35
	8.95	17.48	64.35	0.00	0.0598	10.88	478.7	408.55	0.0586	484.4	8.719	18.19	9.23	1.35
	9.97	17.48	64.42	0.00	0.0597	10.88	478.6	407.98	0.0586	485.0	8.731	18.19	9.25	1.35
	10.95	17.48	64.37	0.00	0.0599	10.88	478.8	408.48	0.0587	485.1	8.732	18.21	9.25	1.35
	11.97	17.48	64.37	0.00	0.0598	10.89	479.1	408.70	0.0589	486.3	8.753	18.25	9.29	1.35
	12.95	17.48	64.37	0.00	0.0598	10.89	479.0	408.62	0.0587	487.3	8.772	18.29	9.32	1.35
	13.97	17.51	64.39	0.00	0.0598	10.89	479.1	408.62	0.0590	489.1	8.804	18.36	9.38	1.35
	14.95	17.49	64.37	0.00	0.0596	10.89	479.0	408.62	0.0589	487.5	8.776	18.30	9.33	1.35
	15.97	17.49	64.40	0.00	0.0599	10.89	479.1	408.58	0.0590	487.8	8.780	18.30	9.34	1.35
	16.97	17.49	64.37	0.00	0.0598	10.89	479.1	408.71	0.0590	489.1	8.803	18.36	9.37	1.35
	17.97	17.47	64.35	0.00	0.0599	10.89	479.2	408.94	0.0591	489.7	8.815	18.39	9.39	1.35
	18.97	17.47	64.37	0.00	0.0599	10.89	479.3	408.90	0.0593	490.8	8.834	18.42	9.43	1.35
	19.97	17.49	64.37	0.00	0.0598	10.89	479.3	408.92	0.0592	492.4	8.863	18.48	9.48	1.35
	20.97	17.49	64.37	0.00	0.0599	10.89	479.2	408.81	0.0594	491.9	8.854	18.46	9.46	1.35
	21.95	17.49	64.37	0.00	0.0599	10.90	479.4	409.03	0.0591	491.9	8.853	18.46	9.46	1.35
	22.97	17.49	64.37	0.00	0.0597	10.89	479.3	408.92	0.0594	492.7	8.869	18.50	9.48	1.35
	23.97	17.51	64.37	0.00	0.0599	10.90	479.4	409.01	0.0594	492.9	8.872	18.50	9.49	1.35
	24.97	17.51	64.37	0.00	0.0598	10.90	479.5	409.13	0.0594	494.2	8.896	18.55	9.53	1.35
	25.95	17.51	64.37	0.00	0.0598	10.90	479.6	409.17	0.0595	494.2	8.895	18.55	9.53	1.35
	26.97	17.51	64.37	0.00	0.0599	10.91	479.8	409.39	0.0594	495.4	8.917	18.60	9.57	1.35
	27.97	17.51	64.37	0.00	0.0599	10.90	479.6	409.18	0.0595	495.1	8.911	18.58	9.56	1.35
	28.97	17.51	64.37	0.00	0.0599	10.89	479.4	408.99	0.0595	494.8	8.906	18.57	9.55	1.35
	29.97	17.51	64.37	0.00	0.0598	10.90	479.5	409.11	0.0594	495.5	8.918	18.60	9.57	1.35
	30.97	17.49	64.37	0.00	0.0597	10.90	479.7	409.27	0.0596	497.9	8.962	18.69	9.64	1.35
	31.95	17.51	64.37	0.00	0.0598	10.90	479.8	409.34	0.0597	496.6	8.939	18.64	9.60	1.35
	32.97	17.51	64.37	0.00	0.0600	10.91	479.8	409.39	0.0597	497.2	8.950	18.66	9.62	1.35
	34.05	17.49	64.37	0.00	0.0599	10.90	479.7	409.22	0.0598	498.8	8.978	18.72	9.67	1.35
	34.97	17.52	64.37	0.00	0.0597	10.90	479.4	409.05	0.0597	497.6	8.957	18.68	9.63	1.35
	35.98	17.51	64.37	0.00	0.0599	10.89	479.4	409.01	0.0596	497.4	8.953	18.67	9.63	1.35
	36.97	17.52	64.37	0.00	0.0599	10.90	479.4	409.07	0.0597	498.7	8.976	18.72	9.66	1.35
	37.98	17.52	64.37	0.00	0.0598	10.90	479.5	409.15	0.0598	499.5	8.990	18.75	9.69	1.35
	38.97	17.51	64.37	0.00	0.0598	10.90	479.5	409.11	0.0598	498.7	8.977	18.72	9.67	1.35
	39.98	17.52	64.40	0.00	0.0598	10.89	479.2	408.73	0.0598	498.8	8.978	18.72	9.67	1.35
	40.97	17.51	64.35	0.00	0.0599	10.89	479.3	409.08	0.0599	499.1	8.983	18.74	9.68	1.35
	41.98	17.51	64.39	0.00	0.0598	10.89	479.3	408.77	0.0599	498.7	8.977	18.72	9.67	1.35
	42.97	17.51	64.39	0.00	0.0598	10.89	479.3	408.80	0.0598	499.0	8.982	18.73	9.67	1.35
	43.98	17.51	64.37	0.00	0.0597	10.88	478.9	408.57	0.0599	498.0	8.963	18.69	9.64	1.35
	44.97	17.54	64.37	0.00	0.0597	10.89	479.1	408.77	0.0599	499.7	8.995	18.76	9.70	1.35
	45.97	17.52	64.37	0.00	0.0598	10.89	479.0	408.69	0.0600	499.5	8.990	18.75	9.69	1.35
	46.97	17.52	64.37	0.00	0.0597	10.88	478.7	408.46	0.0598	499.4	8.989	18.75	9.69	1.35
	47.97	17.56	64.37	0.00	0.0598	10.88	478.5	408.35	0.0598	499.6	8.993	18.76	9.70	1.35
	48.97	17.51	64.37	0.00	0.0598	10.88	478.7	408.43	0.0599	498.6	8.974	18.72	9.66	1.35
	49.97	17.52	64.35	0.00	0.0596	10.87	478.4	408.37	0.0598	499.7	8.994	18.77	9.70	1.35
	51.05	17.54	64.37	0.00	0.0597	10.88	478.8	408.57	0.0598	500.1	9.002	18.78	9.71	1.36
	51.97	17.56	64.37	0.00	0.0596	10.87	478.2	408.02	0.0599	499.5	8.991	18.75	9.69	1.35
	52.98	17.54	64.37	0.00	0.0596	10.86	477.8	407.69	0.0599	500.0	9.000	18.77	9.71	1.35
	53.97	17.54	64.37	0.00	0.0597	10.86	477.6	407.54	0.0599	499.5	8.991	18.75	9.69	1.35
	54.98	17.54	64.37	0.00	0.0597	10.85	477.5	407.46	0.0598	499.2	8.986	18.74	9.68	1.35
	56.38	17.52	64.40	0.00	0.0595	10.85	477.2	407.01	0.0597	499.0	8.982	18.73	9.67	1.35
	56.97	17.54	64.39	0.00	0.0595	10.84	477.1	406.93	0.0597	498.0	8.964	18.69	9.65	1.36
	57.97	17.54	64.37	0.00	0.0595	10.83	476.7	406.74	0.0597	498.0	8.964	18.70	9.65	1.35
	58.97	17.54	64.37	0.00	0.0595	10.82	476.0	406.14	0.0597	498.0	8.965	18.70	9.65	1.35
	59.97	17.54	64.35	0.00	0.0594	10.81	475.5	405.93	0.0598	497.5	8.956	18.69	9.63	1.35
	60.97	17.54	64.37	0.00	0.0594	10.81	475.5	405.71	0.0597	496.9	8.944	18.66	9.61	1.35
	61.97	17.54	64.37	0.00	0.0594	10.79	474.6	404.95	0.0596	495.8	8.925	18.61	9.58	1.35
	62.97	17.54	64.35	0.00	0.0593	10.78	474.5	405.02	0.0595	496.0	8.928	18.63	9.59	1.36
	63.97	17.54	64.37	0.00	0.0593	10.77	474.0	404.45	0.0595	495.4	8.917	18.60	9.57	1.35
	64.97	17.56	64.37	0.00	0.0593	10.76	473.6	404.17	0.0596	494.7	8.905	18.58	9.55	1.35
	66.05	17.56	64.37	0.00	0.0593	10.77	474.0	404.49	0.0596	496.0	8.929	18.62	9.59	1.35
	66.97	17.54	64.37	0.00	0.0592	10.74	472.4	403.13	0.0594	493.7	8.886	18.53	9.52	1.35
	67.98	17.56	64.37	0.00	0.0591	10.73	472.0	402.75	0.0593	493.1	8.876	18.51	9.50	1.36
	68.97	17.56	64.37	0.00	0.0592	10.71	471.4	402.30	0.0593	492.1	8.857	18.48	9.47	1.36
	69.97	17.56	64.37	0.00	0.0590	10.70	470.9	401.79	0.0592	491.9	8.855	18.47	9.46	1.35
	70.97	17.54	64.37	0.00	0.0589	10.69	470.4	401.40	0.0591	491.2	8.842	18.44	9.44	1.36
	71.97	17.56	64.37	0.00	0.0590	10.67	469.5	400.65	0.0592	490.3	8.826	18.41	9.42	1.35
	72.95	17.56	64.37	0.00	0.0589	10.66	468.9	400.09	0.0591	489.3	8.808	18.37	9.39	1.35
	73.97	17.56	64.37	0.00	0.0587	10.65	468.4	399.69	0.0588	489.0	8.802	18.36	9.38	1.36
	74.97	17.56	64.37	250.00	0.0586	10.63	467.7	399.09	0.0589	488.5	8.792	18.34	9.36	1.36
	75.97	17.56	64.37	0.00	0.0585	10.61	466.7	398.25	0.0589	487.1	8.769	18.29	9.32	1.35
	76.95	17.54	64.37	0.00	0.0585	10.58	465.6	397.27	0.0589	486.2	8.752	18.26	9.29	1.35
	77.97	17.56	64.37	0.00	0.0583	10.56	464.6	396.45	0.0587	485.3	8.735	18.22	9.26	1.35
	78.95	17.56	64.37	0.00	0.0584	10.54	463.6	395.58	0.0585	484.5	8.721	18.19	9.24	1.35
	79.97	17.56	64.37	0.00	0.0582	10.51	462.6	394.78	0.0585	483.1	8.695	18.14	9.19	1.36
	81.03	17.57	64.37	0.00	0.0581	10.49	461.8	394.06	0.0584	482.4	8.684	18.11	9.18	1.36
	81.97	17.56	64.37	0.00	0.0580	10.47	460.9	393.30	0.0584	481.9	8.675	18.09	9.16	1.35
	83.03	17.56	64.37	0.00	0.0579	10.45	459.9	392.41	0.0583	481.0	8.658	18.06	9.13	1.36
	83.97	17.57	64.37	0.00	0.0577	10.42	458.5	391.24	0.0583	480.3	8.645	18.03	9.11	1.36
	84.97	17.57	64.37	0.00	0.0576	10.40	457.4	390.33	0.0581	479.5	8.631	18.01	9.09	1.36
	85.97	17.54	64.37	0.00	0.0574	10.36	455.9	389.01	0.0581	478.0	8.604	17.95	9.04	1.36
	86.97	17.56	64.37	0.00	0.0574	10.32	454.3	387.65	0.0579	477.5	8.595	17.93	9.02	1.36
	87.97	17.57	64.37	0.00	0.0572	10.30	453.0	386.60	0.0580	476.4	8.575	17.89	8.99	1.36
	88.97	17.59	64.37	0.00	0.0570	10.27	451.7	385.49	0.0578	475.7	8.562	17.86	8.97	1.36
	89.97	17.59	64.37	0.00	0.0571	10.24	450.4	384.37	0.0578	474.5	8.541	17.82	8.93	1.36
	90.97	17.57	64.37	0.00	0.0567	10.20	448.8	382.96	0.0576	473.6	8.526	17.78	8.90	1.36
	91.97	17.57	64.37	0.00	0.0566	10.16	447.2	381.67	0.0576	473.3	8.520	17.77	8.89	1.36
	92.97	17.59	64.37	0.00	0.0566	10.12	445.3	380.02	0.0574	472.2	8.499	17.73	8.86	1.36
	93.95	17.57	64.40	0.00	0.0563	10.08	443.7	378.45	0.0575	471.2	8.482	17.69	8.83	1.36
	94.97	17.57	64.37	0.00	0.0561	10.04	441.8	377.01	0.0574	470.1	8.463	17.65	8.79	1.36
	95.95	17.57	64.37	0.00	0.0560	10.01	440.6	376.00	0.0572	469.5	8.450	17.63	8.77	1.36
	96.97	17.57	64.40	0.00	0.0558	9.97	438.5	374.07	0.0572	468.3	8.429	17.58	8.73	1.36
	97.95	17.57	64.37	0.00	0.0555	9.92	436.6	372.61	0.0571	467.2	8.410	17.54	8.70	1.36
	98.97	17.57	64.37	0.00	0.0554	9.88	434.8	371.07	0.0570	466.2	8.392	17.51	8.67	1.36
	99.97	17.57	64.39	0.00	0.0552	9.83	432.7	369.09	0.0570	465.4	8.377	17.47	8.64	1.36
	100.97	17.57	64.35	0.00	0.0550	9.80	431.1	368.06	0.0568	464.5	8.362	17.45	8.62	1.36
	102.05	17.57	64.37	0.00	0.0547	9.76	429.2	366.29	0.0567	463.2	8.338	17.39	8.57	1.36
	102.97	17.56	64.37	0.00	0.0548	9.71	427.4	364.69	0.0567	462.3	8.321	17.36	8.54	1.36
	103.98	17.57	64.35	0.00	0.0544	9.65	424.6	362.52	0.0564	460.9	8.297	17.31	8.50	1.36
	104.95	17.57	64.37	0.00	0.0540	9.61	422.9	360.92	0.0563	460.4	8.287	17.29	8.48	1.36
	105.97	17.59	64.37	0.00	0.0539	9.56	420.8	359.15	0.0562	458.5	8.254	17.22	8.42	1.36
	106.95	17.57	64.37	0.00	0.0538	9.53	419.5	357.98	0.0562	457.7	8.239	17.19	8.40	1.36
	107.97	17.57	64.37	0.00	0.0537	9.48	417.2	356.04	0.0561	455.9	8.207	17.12	8.34	1.36
	108.95	17.57	64.37	0.00	0.0535	9.43	414.9	354.08	0.0560	455.2	8.193	17.09	8.31	1.36
