Mar 17 2018 at 8:12:29
Frequency: 1.00Hz.
CO2
Zero:  Value:0.91  Date:May 19 2009 at 7:53:33 AM
Span:  Value:1.00  Date:May 19 2009 at 8:00:06 AM
H2O
Zero:  Value:0.77  Date:May 19 2009 at 7:54:01 AM
Span:  Value:1.01  Date:28 Jun 2004	 at 08:29:05	
Windy, High light, cold, redoing for previous condensation
	Relative Time	Temperature	Pressure	Aux Input	CO2 Absorptance	CO2 mmol/m3	CO2 mg/m3	CO2 umol/mol	H2O Absorptance	H2O mmol/m3	H2O g/m3	H2O mmol/mol	H2O(°C)	Cooler Voltage
	0.66	14.33	64.29	0.00	0.0604	11.04	485.7	410.39	0.0537	430.1	7.742	15.99	7.32	1.39
	1.67	14.35	64.29	0.00	0.0604	11.04	485.6	410.33	0.0537	430.8	7.754	16.02	7.34	1.39
	2.75	14.35	64.29	0.00	0.0604	11.02	484.9	409.74	0.0540	435.1	7.832	16.18	7.49	1.39
	3.67	14.37	64.29	0.00	0.0604	11.01	484.6	409.48	0.0542	437.8	7.881	16.28	7.58	1.39
	4.73	14.35	64.29	0.00	0.0604	11.02	484.7	409.54	0.0546	438.7	7.896	16.31	7.61	1.39
	5.67	14.33	64.29	0.00	0.0604	11.02	484.8	409.57	0.0550	441.4	7.945	16.41	7.70	1.39
	6.66	14.35	64.29	0.00	0.0603	11.00	484.1	409.00	0.0551	444.0	7.991	16.50	7.78	1.39
	7.67	14.37	64.32	0.00	0.0604	10.98	483.1	408.10	0.0554	449.9	8.098	16.72	7.98	1.39
	8.73	14.37	64.29	0.00	0.0601	10.99	483.4	408.43	0.0560	450.8	8.114	16.76	8.01	1.39
	9.67	14.37	64.29	0.00	0.0601	10.98	483.0	408.16	0.0559	452.1	8.138	16.81	8.05	1.39
	10.67	14.37	64.29	0.00	0.0601	10.95	481.8	407.13	0.0563	464.3	8.358	17.26	8.45	1.39
	11.67	14.37	64.29	0.00	0.0600	10.93	480.9	406.34	0.0568	473.1	8.516	17.59	8.72	1.39
	12.67	14.37	64.29	0.00	0.0600	10.97	482.7	407.87	0.0562	456.7	8.221	16.98	8.20	1.39
	13.66	14.37	64.32	0.00	0.0599	10.95	481.7	406.88	0.0575	466.9	8.405	17.35	8.53	1.39
	14.67	14.37	64.27	0.00	0.0599	10.94	481.4	406.94	0.0573	468.4	8.431	17.42	8.57	1.39
	15.66	14.38	64.29	0.00	0.0600	10.93	481.1	406.57	0.0572	471.3	8.484	17.52	8.67	1.39
	16.67	14.38	64.29	0.00	0.0599	10.94	481.6	406.94	0.0574	468.3	8.429	17.41	8.57	1.39
	17.66	14.37	64.29	0.00	0.0600	10.94	481.3	406.68	0.0576	471.3	8.483	17.52	8.66	1.39
	18.66	14.38	64.29	0.00	0.0601	10.94	481.3	406.75	0.0576	469.3	8.447	17.45	8.60	1.39
	19.66	14.40	64.32	0.00	0.0599	10.93	481.0	406.33	0.0578	473.0	8.514	17.58	8.72	1.39
	20.66	14.41	64.29	0.00	0.0600	10.92	480.3	405.94	0.0582	480.5	8.649	17.87	8.95	1.39
	21.66	14.40	64.29	0.00	0.0600	10.91	480.2	405.83	0.0583	481.3	8.663	17.89	8.98	1.39
	22.66	14.40	64.27	0.00	0.0599	10.91	480.2	405.99	0.0578	481.6	8.669	17.92	8.99	1.39
	23.66	14.43	64.29	0.00	0.0599	10.92	480.4	405.98	0.0584	481.4	8.666	17.90	8.98	1.39
	24.66	14.40	64.29	0.00	0.0598	10.91	479.8	405.50	0.0586	485.7	8.743	18.06	9.11	1.39
	25.66	14.43	64.32	0.00	0.0599	10.90	479.8	405.33	0.0587	486.8	8.762	18.10	9.15	1.39
	26.66	14.41	64.32	0.00	0.0598	10.89	479.1	404.73	0.0591	491.7	8.851	18.28	9.30	1.39
	27.66	14.41	64.29	0.00	0.0599	10.89	479.1	404.89	0.0594	491.4	8.845	18.27	9.29	1.39
	28.66	14.41	64.29	0.00	0.0598	10.89	479.0	404.82	0.0594	493.1	8.876	18.34	9.34	1.39
	29.66	14.43	64.29	0.00	0.0598	10.89	479.2	404.97	0.0596	491.6	8.849	18.28	9.29	1.39
	30.66	14.41	64.29	0.00	0.0598	10.88	478.6	404.48	0.0595	496.5	8.938	18.46	9.44	1.39
	31.67	14.43	64.29	0.00	0.0597	10.87	478.5	404.40	0.0597	497.4	8.952	18.50	9.47	1.39
	32.67	14.43	64.29	0.00	0.0597	10.87	478.5	404.38	0.0600	499.5	8.991	18.57	9.53	1.39
	33.67	14.43	64.32	0.00	0.0598	10.88	478.7	404.49	0.0601	498.2	8.968	18.52	9.49	1.39
	34.67	14.45	64.29	0.00	0.0597	10.84	476.8	403.01	0.0606	514.1	9.254	19.12	9.96	1.39
	35.67	14.43	64.29	0.00	0.0596	10.86	477.8	403.85	0.0604	505.2	9.094	18.79	9.70	1.39
	36.66	14.43	64.29	0.00	0.0596	10.86	477.6	403.69	0.0608	507.4	9.134	18.87	9.77	1.39
	37.67	14.45	64.29	0.00	0.0596	10.85	477.4	403.50	0.0608	511.0	9.199	19.01	9.87	1.39
	38.66	14.43	64.32	0.00	0.0598	10.84	477.1	403.03	0.0608	510.9	9.196	18.99	9.87	1.39
	39.67	14.45	64.29	0.00	0.0595	10.84	476.9	403.10	0.0613	514.6	9.263	19.14	9.98	1.39
	40.66	14.45	64.29	0.00	0.0595	10.84	476.8	403.04	0.0613	514.8	9.267	19.15	9.98	1.39
	41.67	14.43	64.29	0.00	0.0595	10.82	476.2	402.51	0.0617	519.0	9.342	19.30	10.10	1.39
	42.66	14.46	64.32	0.00	0.0597	10.83	476.3	402.48	0.0614	518.4	9.331	19.27	10.09	1.39
	43.67	14.46	64.29	0.00	0.0596	10.82	476.0	402.36	0.0615	520.5	9.369	19.36	10.15	1.39
	44.66	14.45	64.32	0.00	0.0595	10.82	476.1	402.24	0.0617	521.3	9.384	19.38	10.17	1.39
	45.67	14.46	64.32	0.00	0.0594	10.81	475.8	402.03	0.0615	523.4	9.421	19.46	10.23	1.39
	46.66	14.46	64.29	0.00	0.0594	10.81	475.7	402.06	0.0620	525.3	9.456	19.54	10.28	1.39
	47.67	14.51	64.32	0.00	0.0595	10.81	475.4	401.79	0.0621	528.9	9.520	19.67	10.39	1.39
	48.66	14.46	64.29	0.00	0.0595	10.81	475.7	402.06	0.0620	526.5	9.477	19.58	10.32	1.39
	49.67	14.48	64.29	0.00	0.0593	10.80	475.0	401.56	0.0624	531.4	9.565	19.76	10.46	1.39
	50.66	14.48	64.29	0.00	0.0595	10.79	475.0	401.50	0.0632	534.8	9.626	19.89	10.55	1.39
	51.67	14.48	64.32	0.00	0.0594	10.78	474.3	400.81	0.0631	538.9	9.700	20.04	10.67	1.39
	52.66	14.48	64.29	0.00	0.0592	10.79	474.9	401.43	0.0628	533.8	9.609	19.85	10.53	1.39
	53.67	14.48	64.27	0.00	0.0594	10.79	474.8	401.55	0.0629	534.0	9.612	19.87	10.53	1.39
	54.66	14.48	64.27	0.00	0.0593	10.78	474.5	401.30	0.0631	538.0	9.683	20.02	10.64	1.40
	55.67	14.50	64.29	0.00	0.0593	10.77	474.0	400.73	0.0636	542.2	9.759	20.17	10.76	1.39
	56.73	14.48	64.29	0.00	0.0593	10.77	473.9	400.59	0.0634	542.9	9.773	20.19	10.78	1.39
	57.67	14.48	64.27	0.00	0.0592	10.77	474.0	400.83	0.0637	543.4	9.781	20.22	10.79	1.39
	58.73	14.50	64.29	0.00	0.0594	10.77	474.0	400.69	0.0635	543.9	9.789	20.23	10.81	1.39
	59.67	14.51	64.29	0.00	0.0592	10.75	472.9	399.80	0.0640	554.4	9.978	20.62	11.09	1.39
	60.67	14.51	64.29	0.00	0.0591	10.76	473.3	400.10	0.0636	547.5	9.855	20.37	10.91	1.39
	61.67	14.51	64.27	0.00	0.0592	10.75	473.1	400.07	0.0645	552.9	9.952	20.57	11.06	1.39
	62.67	14.50	64.29	0.00	0.0592	10.75	473.1	399.91	0.0643	551.9	9.935	20.53	11.03	1.39
	63.67	14.50	64.29	0.00	0.0591	10.75	473.0	399.83	0.0644	551.5	9.927	20.51	11.02	1.39
	64.67	14.51	64.29	0.00	0.0592	10.74	472.7	399.61	0.0644	555.8	10.005	20.68	11.13	1.39
	65.67	14.53	64.29	0.00	0.0591	10.74	472.4	399.41	0.0646	557.2	10.029	20.73	11.17	1.40
	66.67	14.51	64.29	0.00	0.0591	10.74	472.6	399.54	0.0647	555.8	10.005	20.68	11.13	1.40
	67.67	14.53	64.29	0.00	0.0593	10.74	472.5	399.49	0.0647	556.3	10.014	20.70	11.15	1.40
	68.67	14.53	64.27	0.00	0.0591	10.73	472.0	399.17	0.0650	563.2	10.138	20.96	11.34	1.39
	69.67	14.53	64.29	0.00	0.0591	10.72	471.7	398.80	0.0651	560.7	10.093	20.86	11.27	1.40
	70.67	14.56	64.29	0.00	0.0592	10.72	471.6	398.77	0.0653	563.0	10.134	20.95	11.33	1.40
	71.66	14.56	64.32	0.00	0.0589	10.72	471.6	398.59	0.0650	562.6	10.127	20.92	11.32	1.40
	72.67	14.54	64.29	0.00	0.0590	10.71	471.3	398.52	0.0652	563.9	10.150	20.98	11.35	1.40
	73.67	14.54	64.29	250.00	0.0590	10.72	471.7	398.80	0.0657	563.5	10.144	20.96	11.34	1.40
	74.67	14.58	64.29	0.00	0.0591	10.71	471.0	398.30	0.0652	565.7	10.182	21.05	11.40	1.40
	75.66	14.54	64.29	0.00	0.0590	10.70	471.0	398.24	0.0654	566.3	10.194	21.07	11.42	1.40
	76.67	14.54	64.32	0.00	0.0590	10.71	471.0	398.14	0.0655	566.9	10.205	21.08	11.43	1.40
	77.73	14.56	64.27	0.00	0.0592	10.71	471.1	398.44	0.0658	566.1	10.189	21.07	11.41	1.40
	78.67	14.53	64.32	0.00	0.0590	10.69	470.5	397.64	0.0658	570.6	10.271	21.22	11.53	1.40
	79.73	14.56	64.29	0.00	0.0591	10.70	470.6	397.95	0.0657	568.4	10.231	21.15	11.47	1.40
	80.67	14.54	64.29	0.00	0.0589	10.68	469.9	397.27	0.0659	575.2	10.353	21.40	11.65	1.40
	81.73	14.58	64.29	0.00	0.0590	10.69	470.2	397.64	0.0659	571.2	10.281	21.25	11.55	1.40
	82.66	14.56	64.29	0.00	0.0590	10.69	470.2	397.58	0.0657	571.0	10.277	21.24	11.54	1.40
	83.67	14.58	64.29	0.00	0.0590	10.68	469.8	397.26	0.0659	573.3	10.319	21.33	11.60	1.40
	84.66	14.58	64.29	0.00	0.0589	10.68	469.9	397.31	0.0661	575.4	10.356	21.41	11.66	1.40
	85.67	14.58	64.32	0.00	0.0589	10.68	469.7	397.05	0.0664	575.5	10.359	21.41	11.66	1.40
	86.66	14.58	64.29	0.00	0.0586	10.66	468.9	396.53	0.0665	578.5	10.413	21.52	11.74	1.40
	87.67	14.59	64.29	0.00	0.0588	10.66	468.8	396.47	0.0668	581.6	10.468	21.64	11.82	1.40
	88.66	14.58	64.32	0.00	0.0587	10.65	468.7	396.19	0.0664	581.0	10.459	21.61	11.81	1.40
	89.67	14.59	64.30	0.00	0.0585	10.64	468.2	395.94	0.0667	581.9	10.474	21.65	11.83	1.40
	90.66	14.58	64.29	0.00	0.0587	10.66	468.9	396.47	0.0665	578.4	10.411	21.52	11.74	1.40
	91.67	14.59	64.29	0.00	0.0587	10.64	468.0	395.75	0.0670	583.4	10.501	21.71	11.87	1.40
	92.66	14.58	64.32	0.00	0.0587	10.63	467.7	395.32	0.0668	583.8	10.509	21.71	11.88	1.40
	93.67	14.61	64.29	0.00	0.0584	10.62	467.4	395.25	0.0670	585.6	10.540	21.79	11.93	1.40
	94.67	14.59	64.27	0.00	0.0586	10.63	467.7	395.64	0.0670	582.6	10.486	21.69	11.85	1.40
	95.67	14.59	64.29	0.00	0.0586	10.61	466.8	394.79	0.0670	588.0	10.584	21.88	11.99	1.40
	96.67	14.61	64.32	0.00	0.0586	10.60	466.5	394.35	0.0670	586.4	10.555	21.81	11.95	1.40
	97.67	14.61	64.29	0.00	0.0586	10.59	466.0	394.11	0.0671	586.7	10.561	21.83	11.96	1.40
	98.67	14.61	64.29	0.00	0.0586	10.59	466.1	394.14	0.0669	586.0	10.548	21.80	11.94	1.40
	99.67	14.63	64.29	0.00	0.0583	10.59	465.8	393.91	0.0669	586.1	10.551	21.81	11.94	1.40
	100.67	14.61	64.29	0.00	0.0585	10.57	464.9	393.17	0.0671	588.1	10.586	21.88	11.99	1.40
	101.67	14.63	64.29	0.00	0.0584	10.57	464.9	393.19	0.0670	587.7	10.579	21.87	11.98	1.40
	102.67	14.63	64.29	0.00	0.0585	10.55	464.4	392.74	0.0672	589.3	10.607	21.93	12.02	1.40
	103.67	14.64	64.32	0.00	0.0584	10.53	463.5	391.89	0.0675	591.9	10.654	22.02	12.09	1.40
	104.75	14.63	64.29	0.00	0.0584	10.53	463.3	391.84	0.0673	592.4	10.663	22.04	12.10	1.40
	105.67	14.64	64.29	0.00	0.0582	10.53	463.5	391.99	0.0671	586.6	10.559	21.83	11.96	1.40
	106.67	14.63	64.27	0.00	0.0581	10.52	463.0	391.70	0.0669	587.7	10.579	21.88	11.98	1.40
	107.67	14.66	64.29	0.00	0.0580	10.51	462.3	391.01	0.0672	589.5	10.612	21.94	12.03	1.40
	108.69	14.64	64.29	0.00	0.0581	10.50	461.9	390.70	0.0673	588.3	10.589	21.89	12.00	1.40
	109.67	14.64	64.29	0.00	0.0581	10.49	461.6	390.44	0.0671	586.6	10.558	21.83	11.96	1.40
	110.69	14.66	64.32	0.00	0.0580	10.47	460.8	389.63	0.0667	587.2	10.569	21.85	11.97	1.40
	111.67	14.66	64.29	0.00	0.0578	10.46	460.1	389.19	0.0669	586.1	10.550	21.81	11.94	1.40
	112.69	14.66	64.29	0.00	0.0579	10.44	459.3	388.49	0.0669	586.4	10.556	21.83	11.95	1.40
	113.67	14.66	64.29	0.00	0.0578	10.42	458.7	387.97	0.0670	584.6	10.523	21.76	11.90	1.40
	114.69	14.66	64.29	0.00	0.0577	10.38	456.8	386.35	0.0675	590.5	10.629	21.98	12.06	1.40
	115.66	14.66	64.29	0.00	0.0576	10.37	456.3	385.98	0.0673	585.4	10.538	21.79	11.93	1.40
	116.67	14.67	64.29	0.00	0.0573	10.33	454.5	384.49	0.0673	590.7	10.632	21.99	12.06	1.40
	117.66	14.66	64.29	0.00	0.0573	10.29	452.9	383.05	0.0670	586.8	10.563	21.84	11.96	1.40
	118.67	14.66	64.32	0.00	0.0569	10.26	451.6	381.82	0.0665	582.8	10.491	21.68	11.86	1.40
	119.66	14.64	64.29	0.00	0.0567	10.21	449.1	379.87	0.0667	583.1	10.495	21.70	11.86	1.40
	120.70	14.67	64.32	0.00	0.0566	10.17	447.7	378.53	0.0667	582.6	10.486	21.67	11.85	1.40
	121.67	14.67	64.29	0.00	0.0565	10.11	445.0	376.41	0.0667	583.0	10.494	21.70	11.87	1.41
	123.00	14.69	64.29	0.00	0.0561	10.05	442.1	374.00	0.0666	581.8	10.473	21.66	11.83	1.40
	123.67	14.69	64.29	0.00	0.0558	9.97	438.9	371.25	0.0666	582.2	10.479	21.67	11.84	1.40
	124.67	14.69	64.29	0.00	0.0552	9.89	435.3	368.22	0.0669	582.7	10.489	21.69	11.86	1.41
	125.67	14.71	64.29	0.00	0.0550	9.80	431.2	364.80	0.0669	584.8	10.526	21.77	11.91	1.40
	126.67	14.69	64.29	0.00	0.0546	9.72	427.6	361.76	0.0666	582.0	10.476	21.66	11.84	1.40
	127.67	14.69	64.29	0.00	0.0542	9.63	423.7	358.44	0.0663	579.7	10.434	21.58	11.78	1.40
	128.67	14.71	64.29	0.00	0.0538	9.53	419.3	354.75	0.0664	579.2	10.425	21.56	11.77	1.40
	129.67	14.71	64.29	0.00	0.0533	9.42	414.4	350.54	0.0666	584.8	10.527	21.77	11.91	1.41
	130.67	14.71	64.29	0.00	0.0529	9.32	410.1	346.95	0.0662	578.7	10.417	21.54	11.75	1.41
