Mar 13 2018 at 10:25:54
Frequency: 1.00Hz.
CO2
Zero:  Value:0.91  Date:May 19 2009 at 7:53:33 AM
Span:  Value:1.00  Date:May 19 2009 at 8:00:06 AM
H2O
Zero:  Value:0.77  Date:May 19 2009 at 7:54:01 AM
Span:  Value:1.01  Date:28 Jun 2004	 at 08:29:05	
Extreme cloud cover low light low temps
	Relative Time	Temperature	Pressure	Aux Input	CO2 Absorptance	CO2 mmol/m3	CO2 mg/m3	CO2 umol/mol	H2O Absorptance	H2O mmol/m3	H2O g/m3	H2O mmol/mol	H2O(°C)	Cooler Voltage
	0.77	22.10	65.91	0.00	0.0610	11.11	488.8	413.73	0.0556	447.8	8.061	16.68	8.30	1.38
	1.77	22.13	65.88	0.00	0.0611	11.12	489.1	414.19	0.0559	449.0	8.081	16.73	8.34	1.38
	2.77	22.10	65.91	0.00	0.0610	11.11	488.7	413.67	0.0557	447.8	8.061	16.68	8.30	1.38
	3.77	22.12	65.91	0.00	0.0611	11.11	488.8	413.79	0.0559	448.2	8.068	16.70	8.32	1.38
	4.77	22.12	65.91	0.00	0.0611	11.12	489.3	414.21	0.0559	449.2	8.085	16.73	8.35	1.38
	5.77	22.12	65.91	0.00	0.0611	11.12	489.3	414.18	0.0559	449.7	8.094	16.75	8.36	1.38
	6.77	22.12	65.91	0.00	0.0611	11.12	489.4	414.25	0.0560	450.3	8.105	16.77	8.38	1.38
	7.77	22.08	65.91	0.00	0.0611	11.12	489.1	413.96	0.0560	449.7	8.095	16.75	8.36	1.38
	8.77	22.10	65.93	0.00	0.0611	11.12	489.3	414.07	0.0560	450.0	8.100	16.75	8.37	1.38
	9.84	22.12	65.91	0.00	0.0611	11.13	489.6	414.48	0.0560	450.4	8.107	16.77	8.39	1.38
	10.77	22.12	65.93	0.00	0.0611	11.11	489.0	413.75	0.0559	450.0	8.099	16.75	8.37	1.38
	11.77	22.12	65.93	0.00	0.0611	11.12	489.1	413.88	0.0560	450.5	8.110	16.77	8.39	1.38
	12.77	22.12	65.88	0.00	0.0611	11.12	489.3	414.32	0.0561	451.9	8.135	16.84	8.44	1.38
	13.78	22.10	65.91	0.00	0.0610	11.12	489.3	414.16	0.0560	450.9	8.115	16.79	8.40	1.38
	14.77	22.10	65.91	0.00	0.0611	11.12	489.3	414.14	0.0560	450.5	8.109	16.78	8.39	1.38
	15.77	22.10	65.91	0.00	0.0611	11.13	489.9	414.67	0.0561	452.1	8.139	16.84	8.44	1.38
	16.77	22.10	65.91	0.00	0.0611	11.12	489.3	414.18	0.0561	451.6	8.128	16.82	8.43	1.38
	17.77	22.10	65.93	0.00	0.0611	11.13	489.8	414.46	0.0561	452.9	8.153	16.86	8.47	1.38
	18.77	22.08	65.91	0.00	0.0612	11.13	489.9	414.63	0.0562	453.0	8.154	16.87	8.47	1.38
	19.77	22.10	65.91	0.00	0.0613	11.14	490.2	414.97	0.0563	453.0	8.154	16.87	8.47	1.38
	20.77	22.10	65.91	0.00	0.0613	11.15	490.6	415.30	0.0563	454.2	8.176	16.92	8.51	1.38
	21.77	22.12	65.91	0.00	0.0613	11.15	490.6	415.29	0.0563	453.8	8.169	16.90	8.50	1.38
	22.77	22.10	65.88	0.00	0.0613	11.15	490.5	415.38	0.0563	454.0	8.172	16.92	8.51	1.38
	23.77	22.10	65.91	0.00	0.0613	11.15	490.4	415.13	0.0564	454.8	8.186	16.94	8.53	1.38
	24.77	22.10	65.91	0.00	0.0612	11.15	490.4	415.10	0.0563	454.5	8.182	16.93	8.52	1.38
	25.77	22.10	65.91	0.00	0.0613	11.15	490.8	415.43	0.0564	455.1	8.192	16.95	8.54	1.38
	26.77	22.10	65.91	0.00	0.0612	11.15	490.6	415.24	0.0564	455.1	8.192	16.95	8.54	1.38
	27.77	22.08	65.91	0.00	0.0613	11.15	490.8	415.41	0.0564	455.1	8.191	16.95	8.54	1.38
	28.78	22.08	65.93	0.00	0.0612	11.15	490.7	415.19	0.0563	455.1	8.192	16.94	8.54	1.38
	29.77	22.06	65.91	0.00	0.0613	11.16	491.1	415.61	0.0565	456.1	8.210	16.98	8.57	1.38
	30.77	22.08	65.91	0.00	0.0612	11.16	491.1	415.66	0.0564	456.0	8.207	16.98	8.57	1.38
	31.77	22.08	65.91	0.00	0.0613	11.17	491.3	415.84	0.0565	456.4	8.215	17.00	8.58	1.38
	32.77	22.08	65.91	0.00	0.0613	11.16	491.2	415.77	0.0565	456.3	8.213	16.99	8.58	1.38
	33.77	22.08	65.91	0.00	0.0613	11.16	491.0	415.62	0.0565	455.7	8.203	16.97	8.56	1.38
	34.77	22.08	65.91	0.00	0.0613	11.17	491.6	416.13	0.0565	456.8	8.222	17.01	8.59	1.38
	35.77	22.06	65.89	0.00	0.0613	11.18	491.9	416.50	0.0566	457.7	8.239	17.05	8.62	1.38
	36.77	22.06	65.91	0.00	0.0614	11.18	491.7	416.16	0.0566	457.4	8.233	17.03	8.61	1.38
	37.77	22.06	65.91	0.00	0.0613	11.19	492.4	416.78	0.0566	457.9	8.242	17.05	8.63	1.38
	38.77	22.08	65.91	0.00	0.0614	11.19	492.2	416.64	0.0566	457.9	8.243	17.05	8.63	1.38
	39.77	22.06	65.91	0.00	0.0613	11.17	491.4	415.90	0.0565	456.9	8.224	17.02	8.60	1.38
	40.77	22.06	65.91	0.00	0.0614	11.19	492.2	416.55	0.0567	458.2	8.247	17.06	8.64	1.38
	41.77	22.08	65.91	0.00	0.0614	11.18	491.9	416.36	0.0567	457.7	8.239	17.05	8.62	1.38
	42.77	22.06	65.91	0.00	0.0614	11.19	492.2	416.57	0.0566	458.2	8.247	17.06	8.64	1.38
	43.77	22.06	65.91	0.00	0.0614	11.19	492.3	416.64	0.0567	458.6	8.254	17.08	8.65	1.38
	44.97	22.06	65.91	0.00	0.0614	11.20	492.7	417.02	0.0567	459.2	8.266	17.10	8.67	1.38
	45.78	22.06	65.91	0.00	0.0614	11.20	492.7	416.98	0.0567	459.1	8.264	17.10	8.67	1.38
	46.77	22.06	65.91	0.00	0.0615	11.19	492.3	416.64	0.0568	458.9	8.261	17.09	8.66	1.38
	47.84	22.04	65.91	0.00	0.0615	11.20	492.7	417.01	0.0569	459.5	8.272	17.11	8.68	1.38
	48.77	22.06	65.93	0.00	0.0615	11.19	492.6	416.76	0.0568	459.1	8.265	17.09	8.67	1.38
	49.78	22.08	65.88	0.00	0.0615	11.21	493.2	417.63	0.0568	460.1	8.282	17.14	8.70	1.38
	50.77	22.02	65.91	0.00	0.0616	11.21	493.3	417.42	0.0569	460.2	8.283	17.13	8.70	1.38
	51.78	22.08	65.91	0.00	0.0615	11.22	493.6	417.80	0.0569	460.9	8.296	17.16	8.73	1.38
	52.77	22.06	65.93	0.00	0.0615	11.21	493.1	417.19	0.0568	460.2	8.283	17.13	8.70	1.38
	53.77	22.06	65.91	0.00	0.0615	11.21	493.5	417.64	0.0569	460.9	8.296	17.16	8.73	1.38
	54.77	22.05	65.91	0.00	0.0615	11.22	493.7	417.84	0.0569	461.0	8.298	17.17	8.73	1.38
	55.77	22.06	65.88	0.00	0.0616	11.23	494.0	418.24	0.0570	461.3	8.304	17.19	8.74	1.38
	56.77	22.04	65.91	0.00	0.0616	11.23	494.1	418.14	0.0570	461.6	8.308	17.19	8.75	1.38
	57.77	22.06	65.90	0.00	0.0615	11.21	493.4	417.65	0.0569	460.8	8.295	17.16	8.72	1.38
	58.77	22.06	65.88	0.00	0.0616	11.23	494.3	418.49	0.0569	462.3	8.322	17.22	8.77	1.38
	59.77	22.06	65.91	0.00	0.0615	11.23	493.9	418.03	0.0570	462.1	8.317	17.21	8.76	1.38
	60.77	22.05	65.91	0.00	0.0616	11.23	494.1	418.16	0.0571	461.9	8.314	17.20	8.76	1.38
	61.77	22.05	65.93	0.00	0.0616	11.23	494.2	418.09	0.0570	462.4	8.323	17.21	8.77	1.38
	62.77	22.05	65.91	0.00	0.0616	11.24	494.4	418.38	0.0571	462.7	8.329	17.23	8.78	1.38
	63.77	22.07	65.91	0.00	0.0616	11.25	494.8	418.76	0.0571	463.1	8.336	17.25	8.80	1.38
	64.84	22.05	65.88	0.00	0.0617	11.24	494.8	418.89	0.0572	463.5	8.342	17.27	8.81	1.38
	65.77	22.03	65.91	0.00	0.0617	11.24	494.7	418.67	0.0572	463.2	8.338	17.25	8.80	1.38
	66.84	22.03	65.93	0.00	0.0617	11.24	494.7	418.49	0.0572	463.2	8.338	17.24	8.80	1.38
	67.77	22.05	65.93	0.00	0.0616	11.25	494.8	418.58	0.0571	463.6	8.345	17.26	8.81	1.38
	68.78	22.05	65.91	0.00	0.0616	11.25	494.8	418.75	0.0571	464.0	8.352	17.28	8.82	1.38
	69.77	22.05	65.91	0.00	0.0617	11.25	495.2	419.08	0.0572	464.3	8.358	17.29	8.83	1.38
	70.78	22.05	65.91	0.00	0.0617	11.25	494.9	418.87	0.0573	464.5	8.361	17.30	8.84	1.38
	71.77	22.01	65.91	0.00	0.0617	11.25	495.0	418.90	0.0572	464.3	8.357	17.29	8.83	1.38
	72.78	22.03	65.91	0.00	0.0617	11.27	495.8	419.61	0.0572	464.1	8.355	17.28	8.83	1.38
	73.77	22.03	65.93	0.00	0.0617	11.26	495.6	419.25	0.0572	464.9	8.368	17.30	8.85	1.38
	74.78	22.01	65.91	0.00	0.0617	11.27	495.7	419.49	0.0573	465.4	8.376	17.33	8.87	1.38
	75.77	22.05	65.91	0.00	0.0617	11.27	495.8	419.60	0.0573	465.5	8.379	17.33	8.87	1.38
	76.77	22.03	65.91	0.00	0.0617	11.27	495.7	419.51	0.0573	465.4	8.377	17.33	8.87	1.38
	77.77	22.03	65.91	0.00	0.0617	11.26	495.6	419.44	0.0573	464.7	8.365	17.30	8.85	1.38
	78.77	22.03	65.91	0.00	0.0618	11.27	495.9	419.67	0.0574	465.7	8.382	17.34	8.88	1.38
	79.77	22.03	65.88	0.00	0.0618	11.27	495.7	419.68	0.0573	465.2	8.373	17.33	8.86	1.38
	80.77	22.03	65.91	0.00	0.0618	11.27	495.8	419.55	0.0574	465.8	8.384	17.34	8.88	1.38
	81.77	22.03	65.91	0.00	0.0617	11.27	495.9	419.64	0.0574	466.0	8.388	17.35	8.89	1.38
	82.77	22.03	65.91	0.00	0.0617	11.27	496.0	419.77	0.0574	466.0	8.388	17.35	8.89	1.38
	83.77	22.03	65.91	0.00	0.0618	11.28	496.2	419.95	0.0574	466.3	8.394	17.36	8.90	1.38
	84.77	22.03	65.91	0.00	0.0618	11.28	496.4	420.08	0.0575	466.9	8.405	17.39	8.92	1.38
	85.84	22.01	65.91	0.00	0.0618	11.29	496.7	420.32	0.0574	467.3	8.412	17.40	8.93	1.38
	86.77	22.03	65.91	0.00	0.0617	11.28	496.5	420.16	0.0574	466.9	8.405	17.39	8.92	1.38
	87.78	22.03	65.91	0.00	0.0618	11.30	497.0	420.59	0.0574	467.6	8.418	17.41	8.94	1.38
	88.77	22.01	65.91	0.00	0.0618	11.29	496.9	420.44	0.0575	467.7	8.418	17.41	8.94	1.38
	89.78	21.99	65.91	0.00	0.0619	11.30	497.1	420.59	0.0575	467.7	8.419	17.41	8.94	1.38
	90.77	22.03	65.93	0.00	0.0618	11.29	496.9	420.33	0.0575	467.4	8.413	17.40	8.93	1.38
	91.78	22.03	65.91	0.00	0.0619	11.30	497.1	420.69	0.0576	468.0	8.424	17.43	8.95	1.38
	92.77	22.03	65.91	0.00	0.0618	11.30	497.4	420.90	0.0576	468.7	8.436	17.45	8.97	1.38
	93.78	22.01	65.91	0.00	0.0618	11.30	497.2	420.72	0.0575	468.2	8.428	17.43	8.96	1.38
	94.77	22.03	65.91	0.00	0.0619	11.31	497.6	421.07	0.0576	468.6	8.435	17.45	8.97	1.38
	95.77	22.01	65.91	0.00	0.0619	11.31	497.7	421.09	0.0577	468.7	8.437	17.45	8.97	1.38
	96.77	22.03	65.93	0.00	0.0619	11.31	497.7	420.98	0.0576	469.0	8.443	17.46	8.98	1.38
	97.77	21.99	65.91	0.00	0.0619	11.30	497.3	420.79	0.0576	468.8	8.438	17.45	8.97	1.38
	98.77	21.99	65.91	0.00	0.0620	11.32	498.0	421.34	0.0577	470.0	8.460	17.50	9.01	1.38
	99.77	22.00	65.93	0.00	0.0620	11.31	497.6	420.91	0.0578	469.7	8.455	17.48	9.00	1.38
	100.77	22.01	65.91	0.00	0.0619	11.31	497.9	421.29	0.0576	469.5	8.451	17.48	9.00	1.38
	101.77	22.01	65.91	0.00	0.0620	11.32	498.1	421.50	0.0577	469.6	8.454	17.49	9.00	1.38
	102.84	22.00	65.93	0.00	0.0620	11.32	498.2	421.39	0.0577	469.7	8.454	17.48	9.00	1.38
	103.77	22.00	65.90	0.00	0.0620	11.32	497.9	421.34	0.0576	469.8	8.456	17.49	9.01	1.38
	104.78	22.01	65.91	0.00	0.0620	11.32	498.3	421.63	0.0578	470.4	8.467	17.52	9.03	1.38
	105.77	22.00	65.91	0.00	0.0620	11.32	498.1	421.46	0.0577	469.9	8.458	17.50	9.01	1.38
	106.78	22.00	65.93	0.00	0.0620	11.33	498.7	421.80	0.0577	470.1	8.462	17.50	9.02	1.38
	107.77	21.98	65.91	0.00	0.0620	11.33	498.5	421.79	0.0578	470.5	8.468	17.51	9.03	1.38
	108.78	22.00	65.91	0.00	0.0620	11.33	498.4	421.73	0.0577	470.3	8.466	17.51	9.02	1.38
	109.77	22.00	65.89	0.00	0.0619	11.33	498.3	421.81	0.0577	470.8	8.474	17.53	9.04	1.38
	110.78	22.00	65.91	0.00	0.0620	11.33	498.7	421.97	0.0579	471.2	8.481	17.54	9.05	1.38
	111.77	22.00	65.91	0.00	0.0620	11.34	498.9	422.17	0.0578	471.3	8.484	17.55	9.05	1.38
	112.78	22.00	65.91	0.00	0.0620	11.34	498.9	422.12	0.0578	471.0	8.478	17.54	9.04	1.38
	113.77	22.00	65.91	0.00	0.0621	11.35	499.2	422.42	0.0579	471.8	8.492	17.57	9.07	1.38
	114.78	21.98	65.91	0.00	0.0620	11.34	498.8	422.04	0.0578	471.2	8.482	17.54	9.05	1.38
	115.77	21.98	65.91	0.00	0.0620	11.35	499.6	422.70	0.0578	472.5	8.506	17.59	9.09	1.38
	116.77	21.96	65.91	0.00	0.0621	11.35	499.3	422.45	0.0579	472.5	8.505	17.59	9.09	1.38
	117.77	22.00	65.91	0.00	0.0620	11.36	499.6	422.78	0.0579	472.7	8.509	17.60	9.10	1.38
	118.77	21.98	65.93	0.00	0.0621	11.35	499.4	422.34	0.0579	472.1	8.498	17.57	9.08	1.38
	119.77	22.01	65.91	0.00	0.0621	11.35	499.3	422.47	0.0579	471.8	8.492	17.57	9.07	1.38
	120.78	21.96	65.88	0.00	0.0620	11.35	499.5	422.78	0.0579	472.4	8.502	17.59	9.08	1.38
	122.12	21.98	65.89	0.00	0.0621	11.35	499.5	422.74	0.0579	472.8	8.510	17.61	9.10	1.38
	122.78	22.00	65.91	0.00	0.0621	11.36	500.0	423.10	0.0580	473.6	8.526	17.63	9.13	1.38
