Mar 13 2018 at 9:33:28
Frequency: 1.00Hz.
CO2
Zero:  Value:0.91  Date:May 19 2009 at 7:53:33 AM
Span:  Value:1.00  Date:May 19 2009 at 8:00:06 AM
H2O
Zero:  Value:0.77  Date:May 19 2009 at 7:54:01 AM
Span:  Value:1.01  Date:28 Jun 2004	 at 08:29:05	
In cloud roll, temperature drop 50%
	Relative Time	Temperature	Pressure	Aux Input	CO2 Absorptance	CO2 mmol/m3	CO2 mg/m3	CO2 umol/mol	H2O Absorptance	H2O mmol/m3	H2O g/m3	H2O mmol/mol	H2O(°C)	Cooler Voltage
	0.50	23.50	65.88	0.00	0.0608	11.05	486.3	413.73	0.0552	441.6	7.948	16.53	8.17	1.41
	1.56	23.50	65.88	0.00	0.0608	11.06	486.5	413.92	0.0552	442.6	7.967	16.57	8.20	1.41
	2.50	23.50	65.88	0.00	0.0608	11.05	486.4	413.84	0.0552	442.4	7.963	16.56	8.19	1.41
	3.56	23.50	65.88	0.00	0.0609	11.05	486.2	413.66	0.0554	442.3	7.962	16.56	8.19	1.41
	4.50	23.50	65.88	0.00	0.0608	11.05	486.4	413.82	0.0554	444.1	7.993	16.62	8.25	1.41
	5.50	23.50	65.88	0.00	0.0608	11.05	486.2	413.68	0.0553	444.3	7.997	16.63	8.26	1.41
	6.50	23.50	65.86	0.00	0.0608	11.06	486.5	414.04	0.0555	444.6	8.003	16.65	8.27	1.41
	7.50	23.50	65.88	0.00	0.0608	11.05	486.0	413.48	0.0554	444.4	8.000	16.64	8.26	1.41
	8.50	23.50	65.88	0.00	0.0607	11.05	486.2	413.64	0.0555	444.4	8.000	16.64	8.26	1.41
	9.50	23.50	65.88	0.00	0.0609	11.05	486.3	413.72	0.0556	446.3	8.033	16.71	8.32	1.41
	10.50	23.50	65.88	0.00	0.0609	11.05	486.3	413.79	0.0556	445.6	8.021	16.68	8.30	1.41
	11.50	23.50	65.88	0.00	0.0608	11.05	486.3	413.74	0.0556	446.5	8.036	16.71	8.33	1.41
	12.52	23.50	65.88	250.00	0.0608	11.05	486.4	413.84	0.0557	447.2	8.050	16.74	8.35	1.41
	13.50	23.48	65.86	0.00	0.0608	11.06	486.5	414.04	0.0557	447.4	8.054	16.75	8.36	1.41
	14.50	23.50	65.91	0.00	0.0608	11.06	486.5	413.80	0.0558	448.1	8.066	16.77	8.38	1.41
	15.50	23.50	65.88	0.00	0.0608	11.06	486.6	413.98	0.0558	448.7	8.077	16.80	8.40	1.41
	16.50	23.48	65.91	0.00	0.0609	11.06	486.6	413.84	0.0559	449.4	8.088	16.81	8.42	1.41
	17.50	23.48	65.91	0.00	0.0608	11.06	486.7	413.91	0.0559	449.4	8.090	16.82	8.42	1.41
	18.50	23.50	65.91	0.00	0.0609	11.06	486.5	413.76	0.0560	450.1	8.101	16.84	8.45	1.41
	19.50	23.46	65.88	0.00	0.0608	11.06	486.8	414.08	0.0559	450.4	8.107	16.86	8.45	1.41
	20.48	23.50	65.88	0.00	0.0609	11.07	487.0	414.34	0.0561	451.3	8.123	16.89	8.49	1.41
	21.50	23.50	65.90	0.00	0.0608	11.06	486.8	414.08	0.0560	451.0	8.117	16.88	8.48	1.41
	22.48	23.48	65.88	0.00	0.0608	11.06	486.8	414.12	0.0561	452.1	8.138	16.92	8.51	1.41
	23.50	23.52	65.91	0.00	0.0609	11.07	487.1	414.26	0.0561	452.4	8.143	16.93	8.52	1.41
	24.48	23.52	65.88	0.00	0.0609	11.07	487.2	414.53	0.0562	452.7	8.149	16.95	8.53	1.41
	25.50	23.52	65.91	0.00	0.0608	11.07	487.1	414.33	0.0562	453.1	8.156	16.96	8.55	1.41
	26.58	23.48	65.89	0.00	0.0609	11.08	487.4	414.63	0.0563	454.0	8.171	16.99	8.57	1.41
	27.50	23.48	65.86	0.00	0.0610	11.08	487.4	414.80	0.0563	454.2	8.175	17.01	8.58	1.41
	28.58	23.48	65.91	0.00	0.0609	11.08	487.5	414.59	0.0563	454.5	8.180	17.01	8.59	1.41
	29.50	23.48	65.88	0.00	0.0609	11.08	487.5	414.77	0.0563	454.7	8.184	17.02	8.60	1.41
	30.50	23.44	65.88	0.00	0.0610	11.08	487.4	414.63	0.0565	455.6	8.201	17.05	8.62	1.41
	31.50	23.48	65.91	0.00	0.0610	11.08	487.6	414.64	0.0565	455.8	8.205	17.06	8.63	1.41
	32.50	23.50	65.88	0.00	0.0610	11.09	488.1	415.24	0.0566	456.3	8.214	17.08	8.65	1.41
	33.50	23.50	65.88	0.00	0.0610	11.08	487.6	414.84	0.0565	456.1	8.210	17.07	8.64	1.41
	34.50	23.50	65.88	0.00	0.0610	11.09	487.8	415.07	0.0565	456.9	8.223	17.10	8.67	1.41
	35.50	23.50	65.88	0.00	0.0610	11.10	488.2	415.37	0.0565	457.8	8.241	17.14	8.70	1.41
	36.50	23.48	65.88	0.00	0.0610	11.10	488.3	415.45	0.0566	458.1	8.246	17.15	8.71	1.41
	37.50	23.46	65.89	0.00	0.0610	11.11	488.7	415.71	0.0566	458.8	8.258	17.17	8.73	1.41
	38.50	23.48	65.86	0.00	0.0611	11.11	488.7	415.90	0.0567	458.8	8.258	17.18	8.73	1.41
	39.50	23.52	65.90	0.00	0.0611	11.11	488.9	415.86	0.0568	460.0	8.280	17.22	8.77	1.41
	40.50	23.50	65.88	0.00	0.0611	11.11	488.7	415.76	0.0568	460.0	8.280	17.22	8.77	1.41
	41.50	23.48	65.88	0.00	0.0610	11.11	489.0	416.02	0.0569	460.8	8.295	17.25	8.79	1.41
	42.50	23.46	65.88	0.00	0.0611	11.11	489.0	415.96	0.0570	460.6	8.292	17.24	8.79	1.41
	43.50	23.50	65.88	0.00	0.0611	11.12	489.2	416.23	0.0570	461.3	8.303	17.27	8.81	1.41
	44.50	23.50	65.86	0.00	0.0611	11.12	489.2	416.41	0.0570	462.7	8.329	17.33	8.86	1.41
	45.50	23.50	65.88	0.00	0.0611	11.13	489.5	416.51	0.0570	463.0	8.333	17.33	8.86	1.41
	46.50	23.50	65.88	0.00	0.0611	11.12	489.5	416.46	0.0570	462.9	8.332	17.33	8.86	1.41
	47.48	23.53	65.88	0.00	0.0611	11.12	489.4	416.43	0.0571	463.4	8.341	17.35	8.88	1.41
	48.50	23.50	65.91	0.00	0.0611	11.13	489.6	416.40	0.0572	464.4	8.359	17.38	8.91	1.41
	49.48	23.52	65.88	0.00	0.0611	11.13	489.5	416.52	0.0572	464.8	8.366	17.40	8.92	1.41
	50.50	23.52	65.88	0.00	0.0611	11.12	489.5	416.49	0.0571	463.9	8.350	17.37	8.89	1.41
	51.48	23.52	65.91	0.00	0.0611	11.13	489.8	416.56	0.0573	465.0	8.369	17.40	8.93	1.41
	52.50	23.52	65.88	0.00	0.0612	11.13	489.6	416.60	0.0574	464.9	8.368	17.40	8.93	1.41
	53.58	23.50	65.88	0.00	0.0612	11.14	490.0	416.92	0.0575	466.6	8.399	17.47	8.98	1.41
	54.50	23.50	65.88	0.00	0.0612	11.13	489.9	416.81	0.0574	466.5	8.397	17.46	8.98	1.41
	55.50	23.50	65.89	0.00	0.0612	11.14	490.2	417.01	0.0575	466.9	8.405	17.48	8.99	1.41
	56.50	23.50	65.91	0.00	0.0611	11.14	490.3	416.97	0.0574	466.9	8.404	17.47	8.99	1.41
	57.50	23.50	65.91	0.00	0.0612	11.15	490.4	417.07	0.0575	467.7	8.419	17.50	9.02	1.41
	58.50	23.48	65.88	0.00	0.0611	11.14	490.1	416.96	0.0575	468.0	8.423	17.52	9.02	1.41
	59.50	23.50	65.91	0.00	0.0612	11.14	490.2	416.92	0.0576	468.4	8.432	17.53	9.04	1.41
	60.50	23.50	65.88	0.00	0.0612	11.15	490.5	417.29	0.0577	468.8	8.439	17.55	9.05	1.41
	61.50	23.44	65.88	0.00	0.0612	11.15	490.6	417.34	0.0576	469.4	8.450	17.57	9.07	1.41
	62.50	23.50	65.91	0.00	0.0612	11.15	490.6	417.28	0.0577	469.4	8.449	17.56	9.07	1.41
	63.50	23.48	65.88	0.00	0.0612	11.15	490.5	417.30	0.0577	469.5	8.450	17.57	9.07	1.41
	64.50	23.46	65.88	0.00	0.0613	11.15	490.7	417.40	0.0577	470.1	8.461	17.60	9.09	1.41
	65.50	23.48	65.91	0.00	0.0613	11.15	490.6	417.23	0.0578	470.2	8.463	17.59	9.09	1.41
	66.50	23.49	65.86	0.00	0.0612	11.15	490.6	417.57	0.0578	470.5	8.468	17.62	9.10	1.41
	67.50	23.46	65.88	0.00	0.0613	11.16	491.2	417.84	0.0579	471.9	8.494	17.66	9.15	1.41
	68.50	23.48	65.91	0.00	0.0613	11.16	491.0	417.52	0.0578	470.3	8.465	17.60	9.10	1.41
	69.50	23.46	65.86	0.00	0.0613	11.16	491.1	417.92	0.0578	471.6	8.488	17.66	9.14	1.41
	70.50	23.44	65.91	0.00	0.0613	11.16	491.0	417.46	0.0580	472.0	8.495	17.66	9.15	1.41
	71.50	23.45	65.88	0.00	0.0613	11.16	490.9	417.57	0.0579	471.9	8.494	17.66	9.14	1.41
	72.50	23.46	65.88	0.00	0.0613	11.16	491.2	417.89	0.0579	472.1	8.497	17.67	9.15	1.41
	73.50	23.42	65.88	0.00	0.0613	11.17	491.5	418.07	0.0579	473.0	8.514	17.70	9.18	1.41
	74.48	23.46	65.88	0.00	0.0614	11.17	491.6	418.24	0.0580	473.1	8.516	17.71	9.18	1.41
	75.50	23.46	65.88	0.00	0.0613	11.17	491.4	418.00	0.0580	473.0	8.514	17.71	9.18	1.41
	76.50	23.46	65.90	0.00	0.0613	11.17	491.6	418.03	0.0581	474.1	8.533	17.74	9.21	1.41
	77.50	23.46	65.91	0.00	0.0613	11.18	491.8	418.18	0.0581	474.6	8.542	17.76	9.23	1.41
	78.58	23.49	65.91	0.00	0.0614	11.17	491.6	418.06	0.0582	474.4	8.540	17.75	9.23	1.41
	79.50	23.46	65.90	0.00	0.0613	11.17	491.6	418.05	0.0581	473.9	8.531	17.73	9.21	1.41
	80.50	23.46	65.88	0.00	0.0613	11.17	491.6	418.24	0.0581	474.4	8.539	17.76	9.22	1.41
	81.50	23.43	65.88	0.00	0.0614	11.18	492.0	418.53	0.0582	475.5	8.559	17.80	9.26	1.41
	82.50	23.44	65.88	0.00	0.0614	11.19	492.2	418.70	0.0583	476.4	8.575	17.83	9.28	1.41
	83.50	23.46	65.88	0.00	0.0614	11.19	492.3	418.84	0.0583	476.9	8.585	17.85	9.30	1.41
	84.50	23.46	65.88	0.00	0.0614	11.19	492.5	419.01	0.0583	476.8	8.582	17.85	9.30	1.41
	85.50	23.44	65.88	0.00	0.0614	11.20	492.8	419.23	0.0584	480.2	8.643	17.97	9.40	1.41
	86.50	23.46	65.91	0.00	0.0614	11.20	492.6	418.90	0.0583	477.0	8.586	17.85	9.31	1.41
	87.50	23.46	65.86	0.00	0.0615	11.20	492.8	419.39	0.0583	477.5	8.595	17.88	9.32	1.41
	88.50	23.48	65.88	0.00	0.0614	11.20	493.0	419.39	0.0584	477.9	8.603	17.89	9.34	1.41
	89.50	23.46	65.88	0.00	0.0614	11.20	492.9	419.33	0.0584	478.2	8.607	17.90	9.34	1.41
	90.50	23.44	65.88	0.00	0.0614	11.21	493.1	419.43	0.0584	477.7	8.599	17.88	9.33	1.41
	91.50	23.45	65.88	0.00	0.0615	11.20	492.9	419.31	0.0585	478.1	8.605	17.89	9.34	1.41
	92.50	23.46	65.88	0.00	0.0615	11.21	493.3	419.63	0.0584	479.0	8.621	17.93	9.37	1.41
	93.50	23.46	65.93	0.00	0.0615	11.21	493.2	419.29	0.0585	479.1	8.625	17.92	9.37	1.41
	94.50	23.46	65.88	0.00	0.0615	11.21	493.4	419.73	0.0586	479.3	8.628	17.94	9.38	1.41
	95.50	23.46	65.88	0.00	0.0616	11.21	493.3	419.63	0.0585	479.4	8.630	17.95	9.38	1.41
	96.50	23.46	65.88	0.00	0.0616	11.22	493.8	420.05	0.0586	479.8	8.636	17.96	9.39	1.41
	97.50	23.46	65.88	0.00	0.0615	11.22	493.7	419.95	0.0585	479.8	8.637	17.96	9.39	1.41
	98.50	23.45	65.88	0.00	0.0616	11.23	493.9	420.16	0.0586	480.5	8.650	17.99	9.41	1.41
	99.50	23.45	65.86	0.00	0.0616	11.22	493.7	420.10	0.0587	480.5	8.649	17.99	9.41	1.41
	100.50	23.43	65.91	0.00	0.0616	11.23	494.1	420.14	0.0587	481.1	8.660	18.00	9.43	1.41
	101.58	23.45	65.88	0.00	0.0616	11.23	494.2	420.37	0.0587	481.0	8.658	18.00	9.43	1.41
	102.50	23.45	65.86	0.00	0.0616	11.24	494.4	420.77	0.0588	481.4	8.664	18.02	9.44	1.41
	103.52	23.43	65.90	0.00	0.0616	11.24	494.4	420.41	0.0587	481.9	8.675	18.03	9.46	1.41
	104.50	23.47	65.88	0.00	0.0616	11.24	494.4	420.57	0.0588	482.1	8.678	18.05	9.46	1.41
	105.50	23.45	65.88	0.00	0.0617	11.24	494.7	420.81	0.0588	483.1	8.697	18.08	9.49	1.41
	106.50	23.45	65.88	0.00	0.0616	11.24	494.7	420.78	0.0588	482.4	8.683	18.06	9.47	1.41
	107.50	23.45	65.88	0.00	0.0616	11.25	494.8	420.91	0.0588	483.4	8.702	18.09	9.50	1.41
	108.50	23.45	65.88	0.00	0.0617	11.25	494.9	421.01	0.0589	483.0	8.694	18.08	9.49	1.41
	109.50	23.45	65.91	0.00	0.0617	11.25	495.2	421.10	0.0588	483.3	8.699	18.08	9.50	1.41
	110.52	23.45	65.88	0.00	0.0617	11.25	495.2	421.21	0.0589	483.7	8.706	18.10	9.51	1.41
	111.50	23.45	65.86	0.00	0.0617	11.26	495.4	421.56	0.0590	484.6	8.724	18.15	9.54	1.41
	112.50	23.43	65.88	0.00	0.0617	11.26	495.6	421.57	0.0590	484.8	8.727	18.15	9.55	1.41
	113.50	23.43	65.86	0.00	0.0618	11.27	495.8	421.88	0.0590	485.0	8.730	18.16	9.55	1.41
	114.50	23.43	65.88	0.00	0.0617	11.26	495.6	421.58	0.0590	484.7	8.725	18.14	9.54	1.41
	115.50	23.43	65.88	0.00	0.0618	11.27	495.8	421.76	0.0591	485.2	8.733	18.16	9.56	1.41
	116.50	23.43	65.88	0.00	0.0617	11.28	496.1	422.00	0.0591	485.9	8.746	18.19	9.58	1.41
	117.50	23.43	65.86	0.00	0.0617	11.27	496.0	422.08	0.0591	486.3	8.753	18.21	9.59	1.41
	118.50	23.41	65.88	0.00	0.0618	11.28	496.3	422.13	0.0591	486.3	8.753	18.20	9.59	1.41
	119.50	23.45	65.88	0.00	0.0618	11.28	496.1	422.03	0.0592	486.2	8.751	18.20	9.59	1.41
	120.50	23.43	65.88	0.00	0.0618	11.28	496.3	422.16	0.0591	486.3	8.754	18.20	9.59	1.41
	122.27	23.45	65.88	0.00	0.0618	11.29	496.6	422.47	0.0592	487.9	8.782	18.26	9.64	1.41
	122.58	23.43	65.88	0.00	0.0619	11.29	496.6	422.39	0.0593	487.1	8.767	18.23	9.61	1.41
	123.50	23.43	65.86	0.00	0.0619	11.29	496.7	422.62	0.0593	487.4	8.774	18.25	9.63	1.41
