Mar 13 2018 at 10:21:50
Frequency: 1.00Hz.
CO2
Zero:  Value:0.91  Date:May 19 2009 at 7:53:33 AM
Span:  Value:1.00  Date:May 19 2009 at 8:00:06 AM
H2O
Zero:  Value:0.77  Date:May 19 2009 at 7:54:01 AM
Span:  Value:1.01  Date:28 Jun 2004	 at 08:29:05	
	Relative Time	Temperature	Pressure	Aux Input	CO2 Absorptance	CO2 mmol/m3	CO2 mg/m3	CO2 umol/mol	H2O Absorptance	H2O mmol/m3	H2O g/m3	H2O mmol/mol	H2O(°C)	Cooler Voltage
	0.83	22.39	65.91	0.00	0.0615	11.19	492.6	417.35	0.0540	428.4	7.712	15.97	7.67	1.38
	1.84	22.39	65.96	0.00	0.0618	11.25	495.0	419.13	0.0544	432.0	7.776	16.09	7.79	1.38
	2.83	22.39	65.91	0.00	0.0616	11.22	493.8	418.40	0.0543	432.1	7.777	16.11	7.79	1.38
	3.84	22.39	65.91	0.00	0.0615	11.21	493.1	417.78	0.0542	429.5	7.731	16.01	7.70	1.38
	4.83	22.39	65.91	0.00	0.0615	11.21	493.1	417.76	0.0542	430.4	7.748	16.05	7.74	1.38
	5.84	22.37	65.89	0.00	0.0614	11.19	492.5	417.39	0.0541	428.5	7.714	15.98	7.67	1.38
	6.83	22.39	65.91	0.00	0.0615	11.21	493.4	418.07	0.0542	431.6	7.769	16.09	7.78	1.38
	7.84	22.39	65.93	0.00	0.0614	11.21	493.2	417.73	0.0542	431.8	7.773	16.09	7.78	1.38
	8.83	22.39	65.91	0.00	0.0615	11.21	493.1	417.84	0.0544	432.8	7.790	16.13	7.82	1.38
	9.84	22.39	65.91	0.00	0.0615	11.20	492.9	417.66	0.0544	432.7	7.789	16.13	7.81	1.38
	10.83	22.37	65.93	0.00	0.0615	11.20	492.6	417.22	0.0544	432.4	7.783	16.11	7.80	1.38
	15.67	22.39	65.93	0.00	0.0615	11.20	492.6	417.25	0.0544	433.0	7.794	16.14	7.82	1.38
	15.67	22.37	65.91	0.00	0.0615	11.20	492.9	417.63	0.0546	434.1	7.814	16.18	7.86	1.38
	15.67	22.39	65.91	0.00	0.0615	11.19	492.5	417.32	0.0546	433.8	7.809	16.17	7.85	1.38
	15.67	22.37	65.93	0.00	0.0615	11.19	492.5	417.14	0.0546	434.1	7.814	16.18	7.86	1.38
	15.83	22.39	65.91	0.00	0.0614	11.20	492.8	417.53	0.0546	434.5	7.820	16.20	7.87	1.38
	16.84	22.37	65.91	0.00	0.0614	11.20	492.7	417.46	0.0545	435.1	7.831	16.22	7.89	1.38
	17.83	22.37	65.91	0.00	0.0614	11.20	492.8	417.55	0.0546	435.8	7.844	16.25	7.92	1.38
	18.84	22.37	65.91	0.00	0.0614	11.19	492.6	417.32	0.0547	436.6	7.858	16.28	7.94	1.38
	19.83	22.37	65.91	0.00	0.0614	11.20	493.0	417.66	0.0547	437.4	7.872	16.30	7.97	1.38
	20.84	22.39	65.91	0.00	0.0615	11.19	492.5	417.27	0.0548	436.9	7.864	16.29	7.95	1.38
	21.83	22.37	65.91	0.00	0.0614	11.19	492.4	417.16	0.0549	437.6	7.877	16.31	7.98	1.38
	22.84	22.37	65.91	0.00	0.0615	11.21	493.2	417.85	0.0550	439.4	7.909	16.38	8.04	1.38
	23.83	22.36	65.93	0.00	0.0614	11.20	492.9	417.43	0.0549	439.0	7.901	16.36	8.02	1.38
	24.84	22.39	65.91	0.00	0.0615	11.21	493.2	417.83	0.0550	440.1	7.923	16.41	8.06	1.38
	25.83	22.37	65.91	0.00	0.0615	11.21	493.4	418.00	0.0551	440.5	7.929	16.42	8.07	1.38
	26.84	22.37	65.91	0.00	0.0614	11.20	492.6	417.35	0.0550	439.5	7.911	16.38	8.04	1.38
	27.83	22.39	65.91	0.00	0.0615	11.20	492.7	417.45	0.0551	440.5	7.929	16.42	8.07	1.38
	28.84	22.37	65.91	0.00	0.0615	11.19	492.6	417.31	0.0551	441.3	7.943	16.45	8.10	1.38
	29.83	22.37	65.91	0.00	0.0615	11.20	492.9	417.64	0.0552	441.5	7.946	16.46	8.11	1.38
	30.84	22.37	65.91	0.00	0.0615	11.21	493.1	417.79	0.0552	441.9	7.954	16.47	8.12	1.38
	31.83	22.36	65.91	0.00	0.0615	11.20	492.9	417.59	0.0553	441.9	7.954	16.47	8.12	1.38
	32.84	22.34	65.89	0.00	0.0614	11.21	493.2	417.95	0.0552	442.8	7.971	16.51	8.15	1.38
	33.91	22.36	65.91	0.00	0.0615	11.21	493.3	417.90	0.0554	444.4	8.000	16.57	8.20	1.38
	34.83	22.36	65.93	0.00	0.0615	11.21	493.2	417.70	0.0554	444.1	7.993	16.55	8.19	1.38
	35.84	22.37	65.91	0.00	0.0615	11.21	493.4	418.03	0.0554	444.0	7.992	16.55	8.19	1.38
	36.83	22.36	65.89	0.00	0.0615	11.21	493.0	417.83	0.0554	444.2	7.996	16.56	8.20	1.38
	37.84	22.37	65.91	0.00	0.0615	11.20	492.7	417.46	0.0554	444.4	8.000	16.57	8.21	1.38
	38.83	22.36	65.91	0.00	0.0615	11.21	493.1	417.79	0.0555	445.2	8.014	16.60	8.23	1.38
	39.84	22.36	65.91	0.00	0.0615	11.21	493.4	418.02	0.0555	446.3	8.034	16.64	8.27	1.38
	40.83	22.36	65.88	0.00	0.0616	11.21	493.3	418.09	0.0556	446.2	8.032	16.64	8.26	1.38
	41.84	22.36	65.91	0.00	0.0615	11.21	493.2	417.85	0.0557	446.5	8.037	16.64	8.27	1.38
	45.92	22.36	65.93	0.00	0.0615	11.22	493.6	417.97	0.0558	448.1	8.066	16.70	8.33	1.38
	45.92	22.36	65.93	0.00	0.0614	11.20	492.9	417.41	0.0556	446.9	8.044	16.65	8.29	1.38
	45.92	22.36	65.91	0.00	0.0615	11.22	493.6	418.18	0.0558	448.1	8.067	16.71	8.33	1.38
	45.92	22.36	65.91	0.00	0.0615	11.22	493.6	418.14	0.0557	448.7	8.077	16.73	8.35	1.38
	46.83	22.36	65.93	0.00	0.0615	11.21	493.5	417.91	0.0559	449.6	8.093	16.76	8.38	1.38
	47.84	22.38	65.91	0.00	0.0615	11.22	493.7	418.28	0.0558	449.8	8.097	16.77	8.38	1.38
	48.83	22.36	65.91	0.00	0.0615	11.20	493.0	417.66	0.0559	449.1	8.083	16.74	8.36	1.38
	49.84	22.34	65.91	0.00	0.0615	11.21	493.2	417.80	0.0560	450.0	8.101	16.77	8.39	1.38
	50.83	22.32	65.91	0.00	0.0615	11.21	493.4	417.99	0.0560	450.5	8.109	16.79	8.40	1.38
	51.84	22.34	65.93	0.00	0.0616	11.22	493.8	418.13	0.0560	451.3	8.124	16.82	8.43	1.38
	52.84	22.34	65.89	0.00	0.0615	11.22	493.8	418.49	0.0561	451.5	8.127	16.83	8.43	1.38
	53.84	22.32	65.91	0.00	0.0616	11.21	493.3	417.85	0.0562	451.9	8.134	16.84	8.45	1.38
	54.84	22.34	65.91	0.00	0.0615	11.21	493.1	417.72	0.0561	451.4	8.126	16.83	8.43	1.38
	55.83	22.34	65.91	0.00	0.0616	11.22	493.6	418.16	0.0562	452.4	8.143	16.86	8.46	1.38
	56.84	22.34	65.91	0.00	0.0615	11.22	493.6	418.13	0.0561	451.8	8.132	16.84	8.44	1.38
	57.83	22.32	65.91	0.00	0.0616	11.23	494.1	418.57	0.0561	453.3	8.160	16.90	8.49	1.38
	58.84	22.34	65.91	0.00	0.0615	11.21	493.4	417.99	0.0562	453.1	8.155	16.89	8.49	1.38
	59.83	22.36	65.91	0.00	0.0615	11.22	493.8	418.36	0.0562	453.6	8.164	16.91	8.50	1.38
	60.84	22.32	65.91	0.00	0.0614	11.22	493.6	418.09	0.0562	453.4	8.162	16.90	8.50	1.38
	61.83	22.32	65.91	0.00	0.0615	11.22	493.7	418.25	0.0563	454.1	8.173	16.92	8.52	1.38
	62.84	22.34	65.93	0.00	0.0615	11.21	493.4	417.82	0.0563	453.7	8.167	16.91	8.51	1.38
	63.83	22.34	65.93	0.00	0.0615	11.22	493.8	418.17	0.0563	454.7	8.185	16.94	8.54	1.38
	64.84	22.34	65.89	0.00	0.0615	11.23	494.1	418.68	0.0564	455.5	8.200	16.99	8.57	1.38
	65.83	22.32	65.93	0.00	0.0615	11.22	493.6	418.00	0.0565	455.5	8.198	16.97	8.56	1.38
	66.84	22.32	65.91	0.00	0.0616	11.22	493.9	418.37	0.0565	455.6	8.200	16.98	8.57	1.38
	67.83	22.34	65.91	0.00	0.0615	11.22	493.6	418.15	0.0564	455.4	8.196	16.97	8.56	1.38
	68.84	22.34	65.91	0.00	0.0615	11.22	493.8	418.34	0.0565	456.0	8.208	17.00	8.58	1.38
	69.84	22.32	65.91	0.00	0.0616	11.22	493.7	418.17	0.0565	456.5	8.217	17.01	8.60	1.38
	70.84	22.32	65.91	0.00	0.0615	11.21	493.2	417.80	0.0564	456.1	8.210	17.00	8.59	1.38
	71.84	22.34	65.91	0.00	0.0615	11.22	493.8	418.31	0.0566	457.1	8.229	17.04	8.62	1.38
	72.84	22.32	65.88	0.00	0.0615	11.23	493.9	418.56	0.0566	457.8	8.240	17.07	8.64	1.38
	73.84	22.32	65.91	0.00	0.0616	11.24	494.4	418.84	0.0567	458.3	8.250	17.08	8.66	1.38
	74.83	22.30	65.89	0.00	0.0616	11.24	494.4	418.96	0.0566	458.0	8.244	17.08	8.65	1.38
	75.84	22.32	65.89	0.00	0.0616	11.22	493.9	418.49	0.0567	459.3	8.267	17.12	8.69	1.38
	76.83	22.30	65.93	0.00	0.0616	11.23	494.2	418.43	0.0568	459.7	8.275	17.13	8.70	1.38
	77.84	22.28	65.91	0.00	0.0616	11.24	494.4	418.72	0.0568	459.3	8.268	17.12	8.69	1.38
	78.83	22.30	65.93	0.00	0.0615	11.23	494.3	418.56	0.0568	459.9	8.278	17.13	8.71	1.38
	79.84	22.30	65.91	0.00	0.0616	11.22	493.9	418.34	0.0568	459.4	8.269	17.12	8.69	1.38
	80.83	22.30	65.90	0.00	0.0616	11.24	494.6	418.95	0.0568	460.1	8.281	17.15	8.71	1.38
	81.84	22.30	65.91	0.00	0.0616	11.23	494.0	418.41	0.0568	460.1	8.282	17.15	8.71	1.38
	82.83	22.30	65.91	0.00	0.0616	11.23	494.3	418.69	0.0568	460.6	8.291	17.17	8.73	1.38
	83.84	22.30	65.91	0.00	0.0616	11.22	493.7	418.19	0.0569	460.4	8.287	17.16	8.72	1.38
	84.83	22.29	65.93	0.00	0.0616	11.24	494.5	418.65	0.0569	461.4	8.306	17.19	8.75	1.38
	85.84	22.30	65.91	0.00	0.0616	11.23	494.0	418.46	0.0570	460.8	8.295	17.17	8.74	1.38
	86.83	22.28	65.91	0.00	0.0616	11.24	494.6	418.91	0.0570	461.9	8.313	17.21	8.77	1.38
	87.84	22.29	65.91	0.00	0.0615	11.22	493.6	418.12	0.0569	461.4	8.305	17.20	8.75	1.38
	88.84	22.30	65.93	0.00	0.0616	11.23	494.0	418.25	0.0570	461.8	8.313	17.20	8.77	1.38
	89.84	22.29	65.91	0.00	0.0617	11.23	494.2	418.57	0.0571	462.4	8.322	17.23	8.78	1.38
	90.84	22.29	65.91	0.00	0.0617	11.23	494.1	418.49	0.0571	462.2	8.319	17.22	8.78	1.38
	91.84	22.29	65.91	0.00	0.0616	11.24	494.5	418.86	0.0571	462.9	8.332	17.25	8.80	1.38
	92.84	22.29	65.91	0.00	0.0616	11.24	494.4	418.74	0.0571	462.9	8.333	17.25	8.80	1.38
	93.84	22.25	65.91	0.00	0.0616	11.23	494.2	418.53	0.0572	463.3	8.339	17.26	8.81	1.38
	94.84	22.27	65.89	0.00	0.0616	11.24	494.5	418.94	0.0572	464.2	8.355	17.30	8.84	1.38
	95.83	22.27	65.91	0.00	0.0615	11.23	494.0	418.37	0.0571	463.0	8.335	17.26	8.80	1.38
	96.84	22.27	65.91	0.00	0.0616	11.24	494.5	418.84	0.0572	464.0	8.353	17.29	8.84	1.38
	97.83	22.29	65.91	0.00	0.0615	11.23	494.0	418.44	0.0571	463.6	8.344	17.28	8.82	1.38
	98.84	22.31	65.91	0.00	0.0616	11.24	494.4	418.75	0.0572	464.6	8.364	17.32	8.86	1.38
	99.83	22.29	65.91	0.00	0.0615	11.24	494.4	418.78	0.0572	465.5	8.379	17.35	8.88	1.38
	100.84	22.29	65.91	0.00	0.0616	11.24	494.4	418.79	0.0573	464.9	8.369	17.33	8.87	1.38
	101.83	22.29	65.91	0.00	0.0616	11.24	494.5	418.84	0.0573	465.2	8.373	17.34	8.87	1.38
	102.84	22.29	65.93	0.00	0.0615	11.23	494.3	418.50	0.0572	464.9	8.368	17.32	8.87	1.38
	103.83	22.29	65.91	0.00	0.0616	11.24	494.5	418.88	0.0573	466.1	8.390	17.37	8.90	1.38
	104.84	22.25	65.91	0.00	0.0616	11.24	494.5	418.76	0.0573	466.2	8.391	17.37	8.90	1.38
	105.91	22.27	65.93	0.00	0.0617	11.25	494.9	418.96	0.0575	466.8	8.402	17.39	8.92	1.38
	106.84	22.27	65.93	0.00	0.0617	11.25	494.9	419.03	0.0575	466.8	8.402	17.39	8.92	1.38
	107.91	22.27	65.91	0.00	0.0616	11.24	494.7	419.01	0.0574	467.0	8.406	17.40	8.93	1.38
	108.84	22.27	65.91	0.00	0.0617	11.24	494.7	418.98	0.0574	467.0	8.406	17.40	8.93	1.38
	109.84	22.27	65.91	0.00	0.0617	11.24	494.6	418.91	0.0575	467.5	8.414	17.42	8.95	1.38
	110.84	22.25	65.91	0.00	0.0617	11.24	494.6	418.88	0.0574	467.0	8.405	17.40	8.93	1.38
	111.84	22.27	65.91	0.00	0.0617	11.25	494.9	419.17	0.0576	468.1	8.426	17.44	8.97	1.38
	112.84	22.27	65.91	0.00	0.0616	11.25	494.8	419.08	0.0575	468.0	8.423	17.44	8.96	1.38
	113.84	22.25	65.88	0.00	0.0616	11.24	494.5	418.92	0.0575	467.5	8.415	17.43	8.95	1.38
	114.84	22.27	65.91	0.00	0.0617	11.25	495.1	419.35	0.0576	468.4	8.431	17.46	8.98	1.38
	115.84	22.27	65.89	0.00	0.0617	11.24	494.5	419.00	0.0576	468.4	8.430	17.46	8.97	1.38
	116.84	22.23	65.91	0.00	0.0617	11.24	494.6	418.87	0.0577	468.9	8.440	17.47	8.99	1.38
	117.84	22.25	65.91	0.00	0.0616	11.24	494.5	418.80	0.0576	468.6	8.435	17.46	8.98	1.38
	118.83	22.27	65.91	0.00	0.0617	11.24	494.6	418.90	0.0577	468.8	8.439	17.47	8.99	1.38
	119.84	22.25	65.93	0.00	0.0616	11.24	494.7	418.79	0.0576	468.8	8.439	17.46	8.99	1.38
	120.83	22.25	65.91	0.00	0.0616	11.24	494.5	418.79	0.0576	469.1	8.444	17.48	9.00	1.38
	121.84	22.23	65.91	0.00	0.0617	11.25	494.9	419.11	0.0577	469.8	8.457	17.51	9.02	1.38
	122.92	22.27	65.91	0.00	0.0617	11.26	495.4	419.56	0.0578	470.6	8.471	17.54	9.04	1.38
	123.84	22.25	65.91	0.00	0.0618	11.26	495.5	419.61	0.0579	470.9	8.476	17.55	9.05	1.38
	124.91	22.25	65.91	0.00	0.0616	11.25	495.0	419.21	0.0577	470.5	8.469	17.53	9.04	1.38
	125.84	22.27	65.91	0.00	0.0617	11.26	495.6	419.71	0.0578	471.1	8.479	17.56	9.06	1.38
	126.91	22.25	65.91	0.00	0.0617	11.26	495.6	419.68	0.0578	471.2	8.481	17.56	9.06	1.38
	127.84	22.25	65.91	0.00	0.0617	11.26	495.2	419.42	0.0578	471.3	8.483	17.56	9.07	1.38
	128.84	22.25	65.91	0.00	0.0617	11.25	494.9	419.09	0.0578	470.5	8.469	17.53	9.04	1.38
	129.84	22.25	65.93	0.00	0.0617	11.25	495.1	419.17	0.0579	471.9	8.494	17.58	9.08	1.38
	130.84	22.23	65.93	0.00	0.0617	11.25	494.8	418.88	0.0579	471.0	8.478	17.54	9.06	1.38
	131.84	22.24	65.91	0.00	0.0617	11.25	495.0	419.17	0.0579	471.2	8.482	17.56	9.06	1.38
	132.84	22.22	65.91	0.00	0.0616	11.24	494.5	418.78	0.0578	470.0	8.461	17.51	9.02	1.38
	133.84	22.25	65.93	0.00	0.0617	11.25	495.0	419.09	0.0578	471.3	8.483	17.56	9.07	1.38
	134.84	22.24	65.90	0.00	0.0618	11.26	495.5	419.64	0.0580	473.1	8.515	17.63	9.12	1.38
