"2018-03-16 at 17:46"
Date(Y-M-D) Time(H:M:S) CO2(ppm) H2O(ppt) H2O(C) Cell_Temperature(C) Cell_Pressure(kPa) CO2_Absorption H2O_Absorption
2018-03-16 17:46:25 419.43 18.44 8.51 51.02 60.44 0.0522 0.0644
2018-03-16 17:46:26 419.50 18.36 8.44 51.02 60.42 0.0520 0.0641
2018-03-16 17:46:27 419.31 18.34 8.42 51.02 60.44 0.0522 0.0642
2018-03-16 17:46:28 419.63 18.30 8.41 51.03 60.49 0.0521 0.0641
2018-03-16 17:46:29 420.05 18.26 8.38 51.03 60.51 0.0523 0.0640
2018-03-16 17:46:30 421.13 18.30 8.41 51.02 60.53 0.0524 0.0642
2018-03-16 17:46:31 421.58 18.28 8.40 51.02 60.51 0.0524 0.0641
2018-03-16 17:46:32 422.03 18.26 8.37 51.02 60.47 0.0523 0.0640
2018-03-16 17:46:33 422.45 18.28 8.37 51.02 60.41 0.0524 0.0640
2018-03-16 17:46:34 424.23 18.32 8.42 51.02 60.46 0.0526 0.0642
2018-03-16 17:46:35 423.94 18.25 8.36 51.03 60.46 0.0525 0.0639
2018-03-16 17:46:36 424.90 18.32 8.42 51.03 60.47 0.0527 0.0642
2018-03-16 17:46:37 425.95 18.27 8.39 51.02 60.53 0.0528 0.0640
2018-03-16 17:46:38 426.19 18.28 8.40 51.02 60.51 0.0528 0.0642
2018-03-16 17:46:39 426.24 18.33 8.43 51.02 60.49 0.0528 0.0641
2018-03-16 17:46:40 426.09 18.26 8.38 50.99 60.51 0.0528 0.0641
2018-03-16 17:46:41 426.97 18.28 8.39 51.02 60.50 0.0529 0.0641
2018-03-16 17:46:42 428.25 18.30 8.42 51.02 60.55 0.0530 0.0642
2018-03-16 17:46:43 428.96 18.26 8.39 51.03 60.56 0.0531 0.0640
2018-03-16 17:46:44 428.74 18.22 8.36 51.02 60.56 0.0531 0.0640
2018-03-16 17:46:45 430.30 18.22 8.35 51.02 60.53 0.0532 0.0639
2018-03-16 17:46:46 430.45 18.17 8.28 51.02 60.40 0.0531 0.0637
2018-03-16 17:46:47 431.04 18.23 8.32 51.02 60.38 0.0532 0.0638
2018-03-16 17:46:48 432.75 18.21 8.32 51.02 60.44 0.0533 0.0638
2018-03-16 17:46:50 432.00 18.14 8.27 51.02 60.48 0.0533 0.0636
2018-03-16 17:46:51 431.71 18.09 8.24 51.03 60.50 0.0533 0.0636
2018-03-16 17:46:52 433.47 18.08 8.23 51.02 60.50 0.0535 0.0636
2018-03-16 17:46:53 433.66 18.07 8.22 51.02 60.51 0.0535 0.0635
2018-03-16 17:46:54 435.32 18.07 8.23 51.02 60.51 0.0537 0.0635
2018-03-16 17:46:55 435.62 18.04 8.20 51.02 60.51 0.0537 0.0635
2018-03-16 17:46:56 436.29 18.02 8.19 50.99 60.53 0.0538 0.0634
2018-03-16 17:46:57 436.39 17.99 8.16 51.02 60.53 0.0538 0.0634
2018-03-16 17:46:58 436.31 17.98 8.15 51.02 60.54 0.0538 0.0634
2018-03-16 17:46:59 436.90 17.95 8.14 51.03 60.55 0.0538 0.0632
2018-03-16 17:47:00 438.26 17.92 8.11 51.02 60.57 0.0540 0.0632
2018-03-16 17:47:01 439.25 17.91 8.11 51.02 60.55 0.0541 0.0632
2018-03-16 17:47:02 439.70 17.89 8.09 51.02 60.56 0.0541 0.0632
2018-03-16 17:47:03 439.62 17.80 7.99 51.02 60.44 0.0538 0.0627
2018-03-16 17:47:04 440.28 17.85 8.01 51.02 60.34 0.0540 0.0629
2018-03-16 17:47:05 441.40 17.83 7.99 51.02 60.33 0.0540 0.0628
2018-03-16 17:47:06 440.77 17.82 7.98 51.03 60.33 0.0540 0.0627
2018-03-16 17:47:07 440.62 17.81 7.98 51.02 60.38 0.0541 0.0628
2018-03-16 17:47:08 443.64 17.84 8.02 51.02 60.44 0.0544 0.0630
2018-03-16 17:47:09 443.71 17.75 7.95 51.00 60.45 0.0543 0.0626
2018-03-16 17:47:10 443.57 17.73 7.93 51.00 60.43 0.0543 0.0627
2018-03-16 17:47:11 444.35 17.75 7.95 51.02 60.47 0.0544 0.0627
2018-03-16 17:47:12 443.85 17.67 7.89 51.02 60.47 0.0544 0.0625
2018-03-16 17:47:13 445.02 17.70 7.91 51.02 60.49 0.0545 0.0626
2018-03-16 17:47:14 445.87 17.70 7.92 51.02 60.49 0.0546 0.0626
2018-03-16 17:47:15 446.02 17.65 7.88 51.02 60.53 0.0546 0.0625
2018-03-16 17:47:16 445.91 17.59 7.83 51.02 60.52 0.0546 0.0623
2018-03-16 17:47:17 447.33 17.59 7.83 51.02 60.52 0.0547 0.0624
2018-03-16 17:47:18 448.13 17.56 7.81 51.02 60.53 0.0548 0.0623
2018-03-16 17:47:19 449.05 17.56 7.81 51.02 60.53 0.0549 0.0623
2018-03-16 17:47:20 449.91 17.50 7.76 51.03 60.51 0.0550 0.0622
2018-03-16 17:47:21 450.46 17.55 7.81 51.03 60.57 0.0550 0.0623
2018-03-16 17:47:22 450.33 17.53 7.79 51.02 60.58 0.0551 0.0623
2018-03-16 17:47:23 451.56 17.52 7.78 51.02 60.55 0.0551 0.0622
2018-03-16 17:47:24 451.17 17.50 7.76 51.02 60.55 0.0551 0.0622
2018-03-16 17:47:25 452.16 17.49 7.74 51.02 60.50 0.0551 0.0620
2018-03-16 17:47:26 451.37 17.46 7.68 51.02 60.35 0.0550 0.0620
2018-03-16 17:47:27 452.87 17.55 7.75 51.02 60.33 0.0550 0.0620
2018-03-16 17:47:28 453.77 17.51 7.72 51.03 60.34 0.0552 0.0620
2018-03-16 17:47:29 454.55 17.53 7.75 51.02 60.38 0.0552 0.0621
2018-03-16 17:47:30 455.16 17.50 7.72 51.02 60.38 0.0553 0.0620
2018-03-16 17:47:31 456.16 17.50 7.73 51.02 60.39 0.0554 0.0620
2018-03-16 17:47:32 455.31 17.49 7.72 51.02 60.42 0.0554 0.0621
2018-03-16 17:47:33 457.40 17.50 7.74 51.02 60.46 0.0555 0.0621
2018-03-16 17:47:34 457.43 17.48 7.74 51.02 60.52 0.0557 0.0621
2018-03-16 17:47:35 457.37 17.48 7.73 51.03 60.51 0.0556 0.0621
2018-03-16 17:47:36 459.81 17.53 7.78 51.02 60.55 0.0559 0.0622
2018-03-16 17:47:37 459.46 17.50 7.77 51.02 60.57 0.0558 0.0622
2018-03-16 17:47:38 459.12 17.51 7.76 51.02 60.51 0.0558 0.0622
2018-03-16 17:47:39 460.97 17.57 7.82 51.02 60.51 0.0560 0.0624
2018-03-16 17:47:40 461.12 17.63 7.86 51.02 60.50 0.0559 0.0625
2018-03-16 17:47:41 461.45 17.61 7.85 51.02 60.53 0.0560 0.0624
2018-03-16 17:47:42 461.49 17.57 7.82 51.02 60.53 0.0560 0.0624
2018-03-16 17:47:43 462.24 17.58 7.82 51.02 60.50 0.0560 0.0623
2018-03-16 17:47:44 461.77 17.67 7.87 51.02 60.40 0.0559 0.0625
2018-03-16 17:47:45 463.68 17.67 7.86 51.02 60.38 0.0560 0.0624
2018-03-16 17:47:46 465.01 17.67 7.87 51.00 60.42 0.0563 0.0625
2018-03-16 17:47:47 464.80 17.64 7.86 51.00 60.46 0.0562 0.0624
2018-03-16 17:47:48 464.33 17.62 7.84 51.02 60.48 0.0563 0.0625
2018-03-16 17:47:49 466.24 17.62 7.85 51.04 60.49 0.0564 0.0624
2018-03-16 17:47:50 467.39 17.64 7.87 51.03 60.52 0.0565 0.0624
2018-03-16 17:47:51 467.30 17.60 7.84 51.02 60.51 0.0565 0.0624
2018-03-16 17:47:52 469.38 17.63 7.87 51.02 60.51 0.0567 0.0625
2018-03-16 17:47:53 467.73 17.57 7.82 51.02 60.52 0.0565 0.0623
2018-03-16 17:47:54 468.69 17.60 7.84 51.02 60.51 0.0567 0.0624
2018-03-16 17:47:55 470.27 17.60 7.85 51.02 60.55 0.0568 0.0625
2018-03-16 17:47:56 470.05 17.62 7.86 51.03 60.55 0.0567 0.0624
2018-03-16 17:47:57 471.36 17.56 7.81 51.03 60.53 0.0569 0.0623
2018-03-16 17:47:58 472.26 17.57 7.82 51.02 60.53 0.0570 0.0623
2018-03-16 17:47:59 473.43 17.56 7.81 51.02 60.53 0.0571 0.0623
