Mar 14 2018 at 7:28:40
Frequency: 1.00Hz.
CO2
Zero:  Value:0.91  Date:May 19 2009 at 7:53:33 AM
Span:  Value:1.00  Date:May 19 2009 at 8:00:06 AM
H2O
Zero:  Value:0.77  Date:May 19 2009 at 7:54:01 AM
Span:  Value:1.01  Date:28 Jun 2004	 at 08:29:05	
Abnormally low CO2 concentrations
	Relative Time	Temperature	Pressure	Aux Input	CO2 Absorptance	CO2 mmol/m3	CO2 mg/m3	CO2 umol/mol	H2O Absorptance	H2O mmol/m3	H2O g/m3	H2O mmol/mol	H2O(°C)	Cooler Voltage
	0.27	13.87	65.93	0.00	0.0612	11.14	490.2	403.18	0.0562	453.9	8.170	16.43	8.08	1.34
	1.28	13.87	65.93	0.00	0.0612	11.14	490.1	403.12	0.0564	455.0	8.190	16.47	8.12	1.34
	2.27	13.87	65.93	0.00	0.0613	11.14	490.1	403.16	0.0565	454.7	8.185	16.46	8.11	1.34
	3.28	13.88	65.93	0.00	0.0612	11.14	490.0	403.08	0.0564	455.0	8.189	16.47	8.12	1.34
	4.26	13.88	65.93	0.00	0.0612	11.14	490.2	403.19	0.0564	455.7	8.202	16.49	8.14	1.34
	5.28	13.88	65.93	0.00	0.0611	11.14	490.3	403.31	0.0564	455.5	8.199	16.49	8.14	1.34
	6.26	13.88	65.93	0.00	0.0612	11.13	489.7	402.85	0.0564	455.2	8.194	16.48	8.13	1.34
	7.28	13.88	65.93	0.00	0.0612	11.14	490.3	403.30	0.0566	455.6	8.200	16.49	8.14	1.33
	8.27	13.87	65.93	0.00	0.0612	11.14	490.2	403.22	0.0565	456.7	8.220	16.53	8.17	1.34
	9.28	13.88	65.93	0.00	0.0612	11.14	490.2	403.24	0.0566	457.2	8.230	16.55	8.19	1.34
	10.27	13.93	65.93	0.00	0.0612	11.14	490.2	403.29	0.0566	457.0	8.226	16.54	8.19	1.34
	11.28	13.90	65.96	0.00	0.0612	11.14	490.1	403.03	0.0566	458.0	8.243	16.57	8.22	1.34
	12.27	13.90	65.93	0.00	0.0613	11.14	490.2	403.23	0.0566	457.2	8.230	16.55	8.19	1.34
	13.27	13.88	65.93	0.00	0.0612	11.14	490.1	403.14	0.0566	457.4	8.233	16.55	8.20	1.34
	14.27	13.91	65.93	0.00	0.0611	11.14	490.1	403.22	0.0566	457.8	8.241	16.57	8.21	1.34
	15.27	13.90	65.93	0.00	0.0613	11.14	490.0	403.10	0.0568	457.9	8.242	16.57	8.22	1.34
	16.27	13.91	65.91	0.00	0.0612	11.14	490.2	403.37	0.0566	458.2	8.248	16.59	8.23	1.34
	17.27	13.90	65.96	0.00	0.0612	11.14	490.3	403.14	0.0567	459.4	8.270	16.62	8.26	1.34
	18.34	13.93	65.93	0.00	0.0613	11.15	490.4	403.46	0.0568	460.0	8.279	16.65	8.28	1.34
	19.27	13.93	65.93	0.00	0.0612	11.15	490.6	403.59	0.0568	461.1	8.300	16.69	8.32	1.34
	20.34	13.93	65.93	0.00	0.0613	11.15	490.5	403.54	0.0570	461.2	8.301	16.69	8.32	1.34
	21.27	13.93	65.96	0.00	0.0612	11.14	490.2	403.16	0.0569	460.8	8.295	16.68	8.31	1.34
	22.28	13.95	65.98	0.00	0.0612	11.14	490.4	403.15	0.0569	461.0	8.298	16.68	8.32	1.34
	23.27	13.93	65.93	0.00	0.0613	11.15	490.5	403.53	0.0570	461.5	8.307	16.71	8.33	1.34
	24.28	13.93	65.93	0.00	0.0612	11.14	490.3	403.34	0.0570	461.9	8.315	16.72	8.35	1.34
	25.27	13.93	65.96	0.00	0.0613	11.15	490.4	403.32	0.0571	462.6	8.326	16.74	8.37	1.34
	26.28	13.93	65.93	0.00	0.0612	11.15	490.6	403.66	0.0571	462.9	8.332	16.76	8.38	1.34
	27.27	13.92	65.89	0.00	0.0613	11.15	490.7	403.95	0.0571	463.3	8.339	16.78	8.39	1.34
	28.28	13.92	65.96	0.00	0.0612	11.15	490.5	403.38	0.0570	463.0	8.335	16.76	8.38	1.34
	29.27	13.95	65.93	0.00	0.0612	11.15	490.7	403.69	0.0571	463.8	8.348	16.79	8.41	1.34
	30.28	13.95	65.96	0.00	0.0613	11.15	490.6	403.54	0.0573	463.8	8.349	16.79	8.41	1.34
	31.27	13.95	65.93	0.00	0.0612	11.16	491.0	403.98	0.0572	464.6	8.363	16.82	8.43	1.34
	32.28	13.95	65.93	0.00	0.0613	11.15	490.6	403.68	0.0572	464.3	8.357	16.81	8.42	1.34
	33.27	13.95	65.93	0.00	0.0613	11.15	490.8	403.81	0.0572	464.8	8.366	16.83	8.44	1.34
	34.28	13.96	65.93	0.00	0.0612	11.15	490.6	403.64	0.0573	464.8	8.367	16.83	8.44	1.34
	35.27	13.96	65.93	0.00	0.0613	11.15	490.8	403.82	0.0573	465.4	8.378	16.85	8.46	1.34
	36.28	13.98	65.93	0.00	0.0613	11.15	490.8	403.83	0.0574	465.6	8.381	16.86	8.47	1.34
	37.27	13.96	65.93	0.00	0.0613	11.16	491.1	404.04	0.0574	466.3	8.393	16.88	8.49	1.34
	38.28	13.95	65.91	0.00	0.0613	11.16	490.9	404.01	0.0574	466.3	8.393	16.88	8.48	1.34
	39.27	13.95	65.93	0.00	0.0613	11.16	490.9	403.91	0.0574	466.3	8.393	16.88	8.49	1.34
	40.28	13.96	65.93	0.00	0.0613	11.16	490.9	403.94	0.0575	466.8	8.402	16.90	8.50	1.34
	41.34	13.98	65.96	0.00	0.0612	11.16	491.1	403.98	0.0574	466.9	8.404	16.90	8.51	1.34
	42.28	13.96	65.98	0.00	0.0613	11.17	491.3	403.97	0.0574	467.3	8.412	16.91	8.52	1.34
	43.34	13.95	65.93	0.00	0.0613	11.16	491.2	404.10	0.0576	467.7	8.418	16.93	8.53	1.34
	44.27	13.98	65.93	0.00	0.0614	11.16	491.2	404.18	0.0576	467.7	8.418	16.93	8.53	1.34
	45.34	13.98	65.96	0.00	0.0612	11.17	491.3	404.14	0.0575	468.1	8.426	16.94	8.54	1.34
	46.27	13.98	65.93	0.00	0.0613	11.16	491.2	404.22	0.0575	468.3	8.430	16.96	8.55	1.34
	47.34	13.98	65.93	0.00	0.0613	11.17	491.3	404.26	0.0576	468.7	8.436	16.97	8.56	1.34
	48.27	13.99	65.93	0.00	0.0613	11.17	491.6	404.52	0.0576	468.9	8.441	16.98	8.57	1.34
	49.28	13.99	65.93	0.00	0.0614	11.18	491.8	404.71	0.0577	468.9	8.441	16.98	8.57	1.34
	50.27	13.99	65.93	0.00	0.0614	11.18	491.9	404.78	0.0578	470.1	8.461	17.02	8.61	1.34
	51.28	13.99	65.93	0.00	0.0614	11.19	492.5	405.24	0.0577	470.5	8.469	17.04	8.62	1.34
	52.27	13.96	65.96	0.00	0.0612	11.17	491.5	404.25	0.0576	469.6	8.453	17.00	8.59	1.34
	53.28	13.99	65.93	0.00	0.0613	11.18	491.7	404.64	0.0577	470.0	8.460	17.02	8.60	1.34
	54.27	13.99	65.96	0.00	0.0612	11.18	491.7	404.51	0.0577	470.1	8.461	17.01	8.61	1.34
	55.28	13.99	65.96	0.00	0.0614	11.17	491.6	404.41	0.0578	470.1	8.462	17.01	8.61	1.34
	56.27	13.99	65.93	0.00	0.0612	11.17	491.7	404.60	0.0577	470.2	8.464	17.03	8.61	1.34
	57.28	13.99	65.93	0.00	0.0614	11.18	491.8	404.70	0.0577	470.5	8.469	17.04	8.62	1.34
	58.27	13.99	65.93	0.00	0.0613	11.18	491.8	404.72	0.0577	470.7	8.472	17.04	8.63	1.34
	59.28	13.99	65.93	0.00	0.0614	11.18	492.1	404.97	0.0578	471.3	8.484	17.06	8.65	1.34
	60.27	13.99	65.93	0.00	0.0614	11.18	492.1	404.96	0.0579	471.4	8.484	17.07	8.65	1.34
	61.28	13.99	65.93	0.00	0.0613	11.18	491.9	404.79	0.0578	471.4	8.485	17.07	8.65	1.34
	62.27	14.01	65.91	0.00	0.0614	11.18	492.0	405.08	0.0579	471.4	8.485	17.08	8.65	1.34
	63.28	14.00	65.93	0.00	0.0613	11.18	492.1	404.96	0.0577	471.9	8.493	17.08	8.66	1.34
	64.27	14.01	65.96	0.00	0.0615	11.18	492.0	404.74	0.0580	471.7	8.491	17.08	8.66	1.34
	65.28	14.00	65.96	0.00	0.0614	11.19	492.5	405.09	0.0579	472.3	8.501	17.09	8.68	1.34
	66.27	13.99	65.93	0.00	0.0614	11.19	492.3	405.07	0.0581	472.3	8.501	17.10	8.68	1.34
	67.28	14.01	65.93	0.00	0.0614	11.19	492.2	405.05	0.0579	472.5	8.504	17.11	8.68	1.34
	68.27	14.00	65.93	0.00	0.0614	11.18	492.1	404.94	0.0579	472.6	8.506	17.11	8.69	1.34
	69.27	14.01	65.96	0.00	0.0614	11.18	492.0	404.73	0.0580	472.5	8.506	17.10	8.69	1.34
	70.28	14.03	65.93	0.00	0.0615	11.19	492.4	405.22	0.0580	472.9	8.512	17.12	8.70	1.34
	71.27	14.03	65.93	0.00	0.0615	11.19	492.3	405.17	0.0581	473.1	8.516	17.13	8.70	1.34
	72.34	14.03	65.96	0.00	0.0615	11.19	492.6	405.21	0.0580	473.5	8.523	17.14	8.72	1.34
	73.27	14.03	65.93	0.00	0.0614	11.19	492.4	405.28	0.0580	473.2	8.518	17.14	8.71	1.34
	74.28	14.06	65.93	0.00	0.0614	11.19	492.3	405.20	0.0579	473.3	8.519	17.14	8.71	1.34
	75.27	14.03	65.96	0.00	0.0614	11.19	492.5	405.14	0.0580	473.3	8.519	17.13	8.71	1.34
	76.28	14.03	65.93	0.00	0.0615	11.19	492.5	405.29	0.0581	474.0	8.532	17.17	8.73	1.34
	77.27	14.04	65.91	0.00	0.0613	11.19	492.2	405.22	0.0580	473.8	8.528	17.16	8.73	1.34
	78.28	14.03	65.93	0.00	0.0615	11.19	492.3	405.12	0.0581	473.8	8.528	17.16	8.73	1.34
	79.27	14.04	65.93	0.00	0.0614	11.19	492.4	405.26	0.0581	473.9	8.530	17.16	8.73	1.34
	80.28	14.06	65.93	0.00	0.0615	11.20	492.7	405.53	0.0581	474.4	8.539	17.18	8.75	1.34
	81.27	14.03	65.93	0.00	0.0614	11.20	492.6	405.42	0.0581	474.4	8.540	17.18	8.75	1.34
	82.28	14.03	65.93	0.00	0.0615	11.19	492.4	405.22	0.0582	474.6	8.543	17.19	8.75	1.34
	83.27	14.04	65.93	0.00	0.0614	11.19	492.4	405.27	0.0582	474.6	8.543	17.19	8.75	1.34
	84.28	14.04	65.93	0.00	0.0614	11.19	492.5	405.33	0.0581	474.6	8.543	17.19	8.75	1.34
	85.27	14.04	65.93	0.00	0.0614	11.19	492.4	405.24	0.0582	474.8	8.546	17.19	8.76	1.34
	86.28	14.04	65.93	0.00	0.0614	11.19	492.3	405.21	0.0581	475.0	8.550	17.20	8.76	1.34
	87.27	14.06	65.93	0.00	0.0614	11.19	492.5	405.33	0.0582	475.2	8.553	17.21	8.77	1.34
	88.28	14.06	65.96	0.00	0.0614	11.19	492.5	405.24	0.0581	475.3	8.556	17.21	8.78	1.34
	89.27	14.06	65.96	0.00	0.0614	11.19	492.4	405.13	0.0582	475.4	8.557	17.21	8.78	1.34
	90.28	14.06	65.93	0.00	0.0614	11.20	492.6	405.45	0.0582	475.1	8.552	17.21	8.77	1.34
	91.27	14.03	65.93	0.00	0.0614	11.19	492.5	405.35	0.0582	475.3	8.555	17.21	8.77	1.34
	92.28	14.06	65.96	0.00	0.0614	11.19	492.4	405.16	0.0582	475.2	8.554	17.20	8.77	1.34
	93.27	14.08	65.99	0.00	0.0614	11.19	492.4	404.98	0.0582	476.1	8.570	17.23	8.80	1.34
	94.28	14.08	65.93	0.00	0.0615	11.19	492.4	405.33	0.0583	475.7	8.563	17.23	8.79	1.34
	95.27	14.08	65.93	0.00	0.0614	11.19	492.2	405.13	0.0582	475.4	8.558	17.22	8.78	1.34
	96.28	14.08	65.93	0.00	0.0614	11.19	492.2	405.17	0.0582	475.3	8.555	17.21	8.78	1.34
	97.34	14.08	65.93	0.00	0.0614	11.19	492.2	405.16	0.0581	475.5	8.559	17.22	8.78	1.34
	98.27	14.08	65.93	0.00	0.0614	11.19	492.3	405.21	0.0582	475.4	8.557	17.22	8.78	1.34
	99.28	14.06	65.93	0.00	0.0614	11.18	491.7	404.73	0.0582	475.2	8.553	17.21	8.77	1.34
	100.27	14.09	65.93	0.00	0.0613	11.18	491.7	404.77	0.0582	475.3	8.556	17.22	8.78	1.34
	101.28	14.09	65.93	0.00	0.0613	11.17	491.5	404.59	0.0582	474.9	8.548	17.20	8.76	1.34
	102.27	14.09	65.96	0.00	0.0613	11.17	491.4	404.35	0.0582	475.0	8.549	17.20	8.77	1.34
	103.28	14.09	65.96	0.00	0.0613	11.17	491.6	404.51	0.0582	474.9	8.548	17.19	8.76	1.34
	104.27	14.09	65.93	0.00	0.0613	11.17	491.4	404.53	0.0581	475.3	8.555	17.21	8.77	1.34
	105.28	14.09	65.93	0.00	0.0613	11.17	491.3	404.42	0.0582	475.4	8.557	17.22	8.78	1.34
	106.27	14.08	65.93	0.00	0.0613	11.16	491.2	404.33	0.0582	475.3	8.555	17.21	8.78	1.34
	107.28	14.09	65.93	0.00	0.0613	11.17	491.4	404.55	0.0581	475.2	8.554	17.21	8.77	1.34
	108.27	14.09	65.94	0.00	0.0613	11.16	491.2	404.33	0.0582	474.5	8.541	17.19	8.75	1.34
	109.28	14.11	65.93	0.00	0.0613	11.15	490.7	403.97	0.0581	474.5	8.541	17.19	8.75	1.34
	110.27	14.11	65.93	0.00	0.0613	11.15	490.8	404.05	0.0581	474.8	8.546	17.20	8.76	1.34
	111.28	14.11	65.93	0.00	0.0612	11.15	490.6	403.89	0.0581	474.7	8.544	17.19	8.76	1.34
	112.27	14.12	65.93	0.00	0.0612	11.15	490.6	403.90	0.0581	474.4	8.538	17.18	8.75	1.34
	113.28	14.12	65.93	0.00	0.0613	11.15	490.6	403.93	0.0582	473.9	8.530	17.17	8.73	1.34
	114.27	14.12	65.93	0.00	0.0612	11.14	490.4	403.70	0.0581	474.1	8.534	17.17	8.74	1.34
	115.28	14.12	65.93	0.00	0.0612	11.14	490.3	403.64	0.0581	474.0	8.531	17.17	8.74	1.34
	116.27	14.12	65.91	0.00	0.0612	11.14	490.0	403.60	0.0581	474.2	8.535	17.18	8.74	1.34
	117.28	14.12	65.96	0.00	0.0611	11.13	489.8	403.07	0.0581	474.1	8.533	17.17	8.74	1.34
	118.27	14.11	65.94	0.00	0.0612	11.13	489.8	403.21	0.0581	474.0	8.532	17.17	8.74	1.34
	119.28	14.12	65.93	0.00	0.0611	11.13	489.5	403.03	0.0580	473.4	8.522	17.15	8.72	1.34
	120.27	14.12	65.93	0.00	0.0611	11.12	489.4	402.94	0.0580	473.1	8.517	17.14	8.71	1.34
	121.28	14.12	65.93	0.00	0.0611	11.12	489.3	402.86	0.0579	473.0	8.515	17.14	8.71	1.34
	122.27	14.14	65.93	0.00	0.0611	11.12	489.2	402.73	0.0579	472.3	8.502	17.11	8.69	1.34
	123.28	14.14	65.93	0.00	0.0610	11.11	488.8	402.43	0.0579	472.7	8.509	17.12	8.70	1.34
	124.34	14.14	65.93	0.00	0.0611	11.11	488.8	402.42	0.0580	472.5	8.505	17.12	8.69	1.34
	125.28	14.14	65.93	0.00	0.0610	11.11	488.6	402.29	0.0580	472.4	8.503	17.11	8.69	1.34
	126.34	14.12	65.93	0.00	0.0610	11.10	488.3	402.02	0.0579	471.8	8.493	17.09	8.67	1.34
	127.28	14.12	65.93	0.00	0.0610	11.09	488.0	401.72	0.0579	471.6	8.488	17.08	8.66	1.34
	128.28	14.14	65.93	0.00	0.0609	11.09	487.8	401.61	0.0578	471.6	8.488	17.08	8.66	1.34
	129.26	14.16	65.93	0.00	0.0609	11.08	487.5	401.42	0.0578	471.5	8.487	17.08	8.66	1.34
	130.28	14.16	65.96	0.00	0.0608	11.08	487.3	401.08	0.0578	470.8	8.475	17.05	8.64	1.34
	131.26	14.16	65.93	0.00	0.0610	11.08	487.4	401.32	0.0579	471.6	8.488	17.08	8.66	1.34
	132.28	14.14	65.96	0.00	0.0609	11.07	487.0	400.76	0.0577	471.0	8.477	17.05	8.64	1.34
	133.26	14.14	65.96	0.00	0.0609	11.06	486.7	400.55	0.0578	471.0	8.478	17.06	8.64	1.34
	134.28	14.14	65.93	0.00	0.0608	11.06	486.6	400.58	0.0576	470.2	8.464	17.03	8.62	1.34
	135.26	14.16	65.96	0.00	0.0608	11.05	486.4	400.34	0.0577	470.2	8.464	17.03	8.62	1.34
	136.28	14.16	65.93	0.00	0.0608	11.05	486.2	400.33	0.0576	469.4	8.449	17.01	8.60	1.34
	137.26	14.16	65.93	0.00	0.0608	11.04	485.9	400.03	0.0576	469.4	8.449	17.01	8.59	1.34
	138.28	14.16	65.93	0.00	0.0607	11.04	485.6	399.85	0.0575	469.0	8.442	16.99	8.58	1.34
	139.26	14.16	65.93	0.00	0.0608	11.03	485.5	399.75	0.0576	468.8	8.439	16.99	8.58	1.34
	140.28	14.16	65.93	0.00	0.0607	11.03	485.3	399.57	0.0576	468.5	8.433	16.97	8.57	1.34
	141.26	14.17	65.93	0.00	0.0607	11.02	484.9	399.26	0.0576	468.2	8.427	16.96	8.56	1.34
	142.28	14.19	65.96	0.00	0.0606	11.02	484.7	398.99	0.0575	468.3	8.429	16.96	8.56	1.34
	143.26	14.16	65.96	0.00	0.0607	11.02	484.8	398.98	0.0575	468.1	8.426	16.95	8.55	1.34
	144.28	14.16	65.93	0.00	0.0607	11.02	484.7	399.08	0.0575	468.2	8.427	16.96	8.56	1.34
	145.34	14.17	65.96	0.00	0.0606	11.01	484.3	398.60	0.0574	467.5	8.414	16.93	8.53	1.34
	146.28	14.17	65.93	0.00	0.0606	11.00	484.0	398.51	0.0575	466.8	8.402	16.91	8.51	1.34
	147.26	14.17	65.91	0.00	0.0606	10.99	483.5	398.31	0.0573	466.6	8.398	16.91	8.51	1.34
	148.28	14.16	65.96	0.00	0.0605	10.99	483.4	397.91	0.0574	466.0	8.388	16.88	8.49	1.34
	149.26	14.17	65.93	0.00	0.0605	10.98	483.1	397.75	0.0574	466.8	8.402	16.91	8.51	1.34
	150.28	14.17	65.93	0.00	0.0604	10.97	482.6	397.36	0.0572	465.3	8.375	16.86	8.46	1.34
	151.34	14.19	65.93	0.00	0.0605	10.96	482.3	397.12	0.0572	464.8	8.366	16.84	8.45	1.34
	152.28	14.19	65.93	0.00	0.0604	10.96	482.1	397.03	0.0572	464.3	8.358	16.82	8.44	1.34
	153.28	14.19	65.93	0.00	0.0604	10.95	481.7	396.69	0.0572	463.8	8.348	16.80	8.42	1.34
	154.28	14.19	65.96	0.00	0.0603	10.94	481.4	396.26	0.0572	463.5	8.343	16.79	8.41	1.34
	155.28	14.19	65.93	0.00	0.0604	10.94	481.2	396.23	0.0571	463.0	8.334	16.78	8.39	1.34
	156.28	14.19	65.96	0.00	0.0603	10.93	480.9	395.84	0.0572	463.3	8.339	16.78	8.40	1.34
	157.28	14.19	65.96	0.00	0.0603	10.92	480.5	395.52	0.0571	462.9	8.332	16.77	8.39	1.34
	158.26	14.19	65.93	0.00	0.0602	10.91	480.2	395.42	0.0571	462.5	8.325	16.76	8.38	1.34
	159.28	14.17	65.96	0.00	0.0602	10.91	479.9	395.02	0.0570	461.8	8.313	16.72	8.36	1.34
	160.26	14.19	65.96	0.00	0.0601	10.90	479.7	394.86	0.0570	461.6	8.309	16.72	8.35	1.34
	161.28	14.20	65.93	0.00	0.0601	10.89	479.3	394.74	0.0570	461.6	8.309	16.73	8.35	1.34
	162.26	14.19	65.96	0.00	0.0601	10.88	478.8	394.10	0.0569	461.1	8.300	16.70	8.33	1.34
	163.28	14.20	65.93	0.00	0.0601	10.88	478.5	394.08	0.0569	460.9	8.295	16.70	8.33	1.34
	164.26	14.20	65.99	0.00	0.0601	10.87	478.3	393.57	0.0569	460.6	8.292	16.68	8.32	1.34
	165.28	14.22	65.93	0.00	0.0600	10.87	478.2	393.82	0.0568	460.2	8.284	16.68	8.31	1.34
	166.26	14.24	65.93	0.00	0.0600	10.86	477.8	393.52	0.0568	459.7	8.274	16.66	8.29	1.34
	167.28	14.20	65.93	0.00	0.0600	10.85	477.6	393.30	0.0568	459.5	8.271	16.65	8.28	1.34
	168.26	14.22	65.96	0.00	0.0599	10.84	477.1	392.75	0.0567	458.9	8.260	16.62	8.26	1.34
	169.28	14.22	65.94	0.00	0.0599	10.84	476.9	392.70	0.0568	459.6	8.272	16.65	8.29	1.34
	170.26	14.22	65.93	0.00	0.0599	10.83	476.7	392.58	0.0567	459.2	8.265	16.64	8.27	1.34
	171.28	14.22	65.93	0.00	0.0598	10.83	476.3	392.26	0.0567	458.6	8.254	16.62	8.25	1.34
	172.26	14.22	65.93	0.00	0.0599	10.82	475.9	391.90	0.0567	458.2	8.248	16.60	8.24	1.34
	173.28	14.22	65.96	0.00	0.0598	10.81	475.9	391.74	0.0566	458.1	8.247	16.59	8.24	1.34
	174.34	14.22	65.96	0.00	0.0597	10.81	475.5	391.43	0.0566	457.3	8.232	16.56	8.21	1.34
	175.28	14.24	65.93	0.00	0.0597	10.80	475.3	391.49	0.0565	457.2	8.229	16.57	8.21	1.34
	176.34	14.22	65.96	0.00	0.0597	10.79	474.9	390.99	0.0565	456.9	8.225	16.55	8.20	1.34
	177.28	14.24	65.96	0.00	0.0597	10.78	474.3	390.52	0.0565	456.8	8.223	16.55	8.20	1.34
	178.34	14.24	65.93	0.00	0.0596	10.78	474.5	390.81	0.0564	456.4	8.215	16.54	8.18	1.34
	179.28	14.24	65.96	0.00	0.0597	10.78	474.4	390.58	0.0565	456.0	8.209	16.52	8.17	1.34
	180.34	14.25	65.93	0.00	0.0596	10.77	473.9	390.33	0.0564	455.4	8.198	16.51	8.15	1.34
	181.28	14.25	65.93	0.00	0.0596	10.77	473.9	390.33	0.0564	455.4	8.196	16.50	8.15	1.34
	182.28	14.24	65.93	0.00	0.0596	10.76	473.6	390.09	0.0564	454.7	8.185	16.48	8.13	1.34
	183.28	14.27	65.96	0.00	0.0595	10.76	473.4	389.80	0.0563	454.3	8.177	16.46	8.12	1.34
	184.28	14.25	65.96	0.00	0.0596	10.76	473.3	389.69	0.0563	454.4	8.179	16.46	8.12	1.34
	185.28	14.25	65.93	0.00	0.0595	10.75	473.0	389.61	0.0563	454.5	8.181	16.47	8.12	1.34
	186.28	14.25	65.93	0.00	0.0595	10.75	472.8	389.43	0.0563	454.2	8.176	16.46	8.12	1.34
	187.28	14.27	65.93	0.00	0.0595	10.74	472.4	389.15	0.0564	453.9	8.171	16.45	8.11	1.34
	188.28	14.25	65.93	0.00	0.0594	10.74	472.4	389.06	0.0562	453.2	8.158	16.42	8.08	1.34
	189.26	14.25	65.96	0.00	0.0594	10.73	472.1	388.69	0.0563	452.9	8.153	16.41	8.07	1.34
	190.28	14.24	65.93	0.00	0.0594	10.73	472.0	388.76	0.0562	453.3	8.159	16.43	8.08	1.34
	191.26	14.25	65.91	0.00	0.0594	10.72	471.8	388.75	0.0562	453.3	8.160	16.43	8.09	1.34
	192.28	14.27	65.93	0.00	0.0594	10.72	471.8	388.63	0.0563	453.0	8.153	16.42	8.08	1.34
	193.26	14.27	65.93	0.00	0.0593	10.72	471.5	388.34	0.0562	452.7	8.148	16.41	8.07	1.34
	194.28	14.28	65.96	0.00	0.0594	10.71	471.3	388.07	0.0561	452.4	8.142	16.39	8.06	1.34
	195.26	14.27	65.93	0.00	0.0593	10.70	470.9	387.86	0.0562	452.2	8.140	16.39	8.05	1.34
	196.28	14.25	65.96	0.00	0.0593	10.69	470.5	387.41	0.0560	451.6	8.129	16.36	8.03	1.34
	197.26	14.27	65.93	0.00	0.0593	10.69	470.4	387.48	0.0562	452.0	8.136	16.38	8.04	1.34
	198.28	14.27	65.96	0.00	0.0592	10.68	470.1	387.04	0.0560	451.6	8.129	16.36	8.03	1.34
	199.26	14.27	65.93	0.00	0.0593	10.68	469.8	387.00	0.0561	451.2	8.121	16.35	8.02	1.34
	200.28	14.29	65.93	0.00	0.0591	10.67	469.5	386.72	0.0560	450.6	8.111	16.33	8.00	1.34
	201.26	14.27	65.93	0.00	0.0592	10.67	469.6	386.80	0.0560	450.9	8.116	16.34	8.01	1.34
	202.28	14.27	65.93	0.00	0.0591	10.67	469.4	386.60	0.0559	451.1	8.120	16.35	8.02	1.34
	203.28	14.27	65.93	0.00	0.0592	10.66	469.1	386.38	0.0561	451.0	8.119	16.35	8.01	1.34
	204.28	14.28	65.96	0.00	0.0591	10.65	468.6	385.91	0.0559	450.5	8.110	16.32	8.00	1.34
	205.34	14.29	65.93	0.00	0.0590	10.64	468.3	385.71	0.0559	449.9	8.098	16.31	7.98	1.34
	206.28	14.30	65.93	0.00	0.0590	10.63	467.9	385.48	0.0558	449.8	8.096	16.30	7.97	1.34
	207.34	14.29	65.96	0.00	0.0591	10.63	467.7	385.09	0.0559	449.4	8.089	16.28	7.96	1.34
	208.28	14.27	65.96	0.00	0.0589	10.63	467.6	385.00	0.0558	449.4	8.090	16.28	7.96	1.34
	209.28	14.29	65.93	0.00	0.0590	10.62	467.3	384.93	0.0558	448.9	8.081	16.27	7.94	1.34
	210.28	14.29	65.96	0.00	0.0589	10.61	466.9	384.47	0.0559	448.3	8.070	16.24	7.93	1.34
	211.28	14.29	65.96	0.00	0.0589	10.61	466.8	384.33	0.0557	448.6	8.075	16.25	7.94	1.34
	212.28	14.29	65.93	0.00	0.0589	10.60	466.6	384.33	0.0558	447.9	8.062	16.23	7.91	1.34
	213.28	14.27	65.93	0.00	0.0588	10.60	466.2	384.02	0.0558	448.8	8.079	16.27	7.94	1.34
	214.28	14.29	65.93	0.00	0.0589	10.60	466.4	384.22	0.0557	448.1	8.066	16.24	7.92	1.34
	215.28	14.30	65.93	0.00	0.0589	10.59	466.0	383.89	0.0558	448.0	8.064	16.24	7.92	1.34
	216.28	14.30	65.96	0.00	0.0588	10.59	466.2	383.87	0.0557	447.6	8.057	16.22	7.90	1.34
	217.28	14.32	65.93	0.00	0.0588	10.59	465.8	383.73	0.0557	447.3	8.051	16.21	7.89	1.34
	218.26	14.30	65.93	0.00	0.0587	10.58	465.4	383.41	0.0557	447.0	8.045	16.20	7.88	1.34
	219.28	14.32	65.93	0.00	0.0588	10.57	465.3	383.31	0.0557	447.1	8.047	16.21	7.89	1.34
	220.26	14.32	65.93	0.00	0.0587	10.57	465.2	383.26	0.0557	446.8	8.042	16.19	7.88	1.34
	221.28	14.32	65.94	0.00	0.0587	10.56	464.8	382.90	0.0556	446.9	8.044	16.20	7.88	1.34
	222.26	14.32	65.96	0.00	0.0587	10.56	464.5	382.48	0.0555	445.7	8.023	16.15	7.84	1.34
	223.28	14.32	65.93	0.00	0.0586	10.56	464.5	382.63	0.0554	445.3	8.016	16.14	7.83	1.34
	224.26	14.32	65.94	0.00	0.0587	10.55	464.4	382.56	0.0555	445.1	8.011	16.13	7.82	1.34
	225.28	14.32	65.96	0.00	0.0586	10.55	464.3	382.34	0.0554	445.7	8.022	16.15	7.84	1.34
	226.26	14.32	65.93	0.00	0.0587	10.55	464.1	382.37	0.0555	445.3	8.016	16.14	7.83	1.34
	227.28	14.32	65.96	0.00	0.0585	10.54	463.8	381.94	0.0555	445.4	8.017	16.14	7.83	1.34
	228.26	14.32	65.93	0.00	0.0586	10.54	463.9	382.15	0.0554	444.3	7.998	16.11	7.80	1.34
	229.28	14.30	65.96	0.00	0.0586	10.54	463.6	381.78	0.0554	444.3	7.997	16.10	7.79	1.34
	230.26	14.33	65.93	0.00	0.0586	10.54	463.6	381.91	0.0554	444.6	8.003	16.12	7.81	1.34
	231.28	14.32	65.93	0.00	0.0586	10.53	463.1	381.53	0.0554	444.1	7.994	16.10	7.79	1.34
	232.28	14.32	65.93	0.00	0.0586	10.52	463.0	381.45	0.0554	444.7	8.005	16.12	7.81	1.34
	233.28	14.33	65.93	0.00	0.0585	10.52	463.0	381.45	0.0554	444.2	7.996	16.10	7.79	1.34
	234.34	14.32	65.98	0.00	0.0585	10.51	462.6	380.80	0.0554	443.8	7.989	16.08	7.78	1.34
	235.28	14.32	65.96	0.00	0.0585	10.51	462.4	380.77	0.0554	443.3	7.979	16.06	7.76	1.34
	236.28	14.32	65.96	0.00	0.0584	10.51	462.3	380.72	0.0553	443.2	7.977	16.06	7.76	1.34
	237.28	14.32	65.93	0.00	0.0585	10.50	462.2	380.75	0.0553	442.9	7.972	16.05	7.75	1.34
	238.28	14.33	65.96	0.00	0.0585	10.50	462.1	380.52	0.0553	443.3	7.979	16.06	7.76	1.34
	239.26	14.32	65.93	0.00	0.0584	10.50	461.8	380.48	0.0553	443.2	7.977	16.06	7.76	1.34
	240.28	14.32	65.91	0.00	0.0584	10.50	461.8	380.59	0.0552	442.0	7.955	16.03	7.72	1.34
	241.26	14.30	65.93	0.00	0.0583	10.49	461.5	380.20	0.0552	441.6	7.949	16.01	7.70	1.34
	242.28	14.33	65.93	0.00	0.0583	10.49	461.4	380.09	0.0552	441.2	7.942	15.99	7.69	1.34
	243.26	14.33	65.93	0.00	0.0584	10.49	461.4	380.17	0.0552	442.2	7.959	16.03	7.72	1.34
	244.28	14.33	65.93	0.00	0.0583	10.48	461.3	380.05	0.0551	441.9	7.955	16.02	7.72	1.34
	245.26	14.33	65.93	0.00	0.0584	10.48	461.3	380.01	0.0553	442.5	7.965	16.04	7.74	1.34
	246.28	14.32	65.93	0.00	0.0583	10.47	460.8	379.66	0.0552	441.9	7.955	16.02	7.72	1.34
	247.26	14.33	65.93	0.00	0.0583	10.47	460.8	379.68	0.0552	441.9	7.955	16.02	7.72	1.34
	248.28	14.33	65.96	0.00	0.0582	10.47	460.7	379.42	0.0551	441.4	7.945	15.99	7.70	1.35
	249.26	14.33	65.96	0.00	0.0583	10.46	460.1	378.95	0.0551	440.5	7.929	15.96	7.67	1.34
	250.28	14.33	65.93	0.00	0.0583	10.47	460.6	379.50	0.0550	441.0	7.938	15.99	7.69	1.34
	251.26	14.32	65.93	0.00	0.0583	10.47	460.5	379.36	0.0551	441.2	7.942	15.99	7.69	1.34
	252.28	14.33	65.94	0.00	0.0582	10.46	460.4	379.26	0.0551	441.7	7.951	16.01	7.71	1.34
	253.26	14.33	65.93	0.00	0.0583	10.46	460.3	379.19	0.0550	440.7	7.933	15.98	7.68	1.35
	254.28	14.33	65.93	0.00	0.0582	10.45	460.0	378.96	0.0549	439.7	7.914	15.94	7.64	1.35
	255.26	14.33	65.93	0.00	0.0582	10.44	459.6	378.62	0.0551	440.0	7.920	15.95	7.65	1.34
	256.28	14.35	65.93	0.00	0.0582	10.45	459.7	378.76	0.0550	439.8	7.916	15.94	7.65	1.34
