Mar 14 2018 at 10:01:54
Frequency: 1.00Hz.
CO2
Zero:  Value:0.91  Date:May 19 2009 at 7:53:33 AM
Span:  Value:1.00  Date:May 19 2009 at 8:00:06 AM
H2O
Zero:  Value:0.77  Date:May 19 2009 at 7:54:01 AM
Span:  Value:1.01  Date:28 Jun 2004	 at 08:29:05	
Very cloudy and cold, periodic droplets
	Relative Time	Temperature	Pressure	Aux Input	CO2 Absorptance	CO2 mmol/m3	CO2 mg/m3	CO2 umol/mol	H2O Absorptance	H2O mmol/m3	H2O g/m3	H2O mmol/mol	H2O(°C)	Cooler Voltage
	0.70	20.06	66.11	0.00	0.0621	11.34	499.0	418.19	0.0548	436.5	7.857	16.09	7.82	1.36
	1.70	20.06	66.12	0.00	0.0621	11.34	498.8	417.97	0.0549	437.4	7.874	16.13	7.86	1.36
	2.70	20.08	66.12	250.00	0.0620	11.33	498.6	417.85	0.0548	436.5	7.857	16.10	7.83	1.36
	3.70	20.06	66.07	0.00	0.0621	11.31	497.8	417.44	0.0549	438.0	7.885	16.16	7.88	1.36
	4.70	20.06	66.12	0.00	0.0619	11.31	497.6	416.96	0.0552	438.6	7.895	16.17	7.90	1.36
	5.70	20.06	66.06	0.00	0.0620	11.30	497.4	417.15	0.0551	439.3	7.908	16.21	7.92	1.36
	6.70	20.04	66.09	0.00	0.0620	11.30	497.0	416.63	0.0553	442.4	7.963	16.32	8.02	1.36
	7.70	20.08	66.12	0.00	0.0620	11.30	497.1	416.60	0.0553	442.2	7.959	16.30	8.01	1.36
	8.70	20.06	66.12	0.00	0.0619	11.29	496.7	416.19	0.0556	445.2	8.013	16.41	8.11	1.36
	9.70	20.04	66.07	0.00	0.0619	11.29	496.6	416.41	0.0556	444.8	8.007	16.41	8.10	1.36
	10.70	20.06	66.09	0.00	0.0619	11.28	496.5	416.20	0.0558	448.0	8.064	16.53	8.21	1.36
	11.70	20.08	66.12	0.00	0.0619	11.34	498.8	417.98	0.0559	450.0	8.100	16.59	8.27	1.36
	12.70	20.08	66.09	0.00	0.0618	11.27	496.1	415.89	0.0560	450.6	8.111	16.62	8.29	1.36
	13.70	20.08	66.09	0.00	0.0618	11.28	496.3	416.08	0.0562	452.2	8.139	16.68	8.34	1.36
	14.70	20.08	66.12	0.00	0.0618	11.27	496.0	415.62	0.0562	453.7	8.167	16.73	8.39	1.36
	15.69	20.08	66.09	0.00	0.0618	11.27	495.9	415.78	0.0565	455.1	8.191	16.79	8.44	1.36
	16.70	20.08	66.12	0.00	0.0618	11.27	495.9	415.58	0.0565	455.0	8.190	16.78	8.44	1.36
	17.78	20.08	66.12	0.00	0.0618	11.28	496.1	415.77	0.0566	456.9	8.224	16.85	8.50	1.36
	18.70	20.08	66.12	0.00	0.0618	11.28	496.2	415.79	0.0566	457.0	8.227	16.85	8.50	1.36
	19.69	20.08	66.09	0.00	0.0618	11.27	496.1	415.87	0.0570	459.3	8.267	16.94	8.57	1.36
	20.70	20.08	66.09	0.00	0.0618	11.26	495.5	415.42	0.0571	461.4	8.305	17.02	8.64	1.36
	21.69	20.08	66.09	0.00	0.0618	11.25	495.0	414.97	0.0570	461.0	8.298	17.01	8.63	1.36
	22.70	20.06	66.12	0.00	0.0618	11.26	495.6	415.32	0.0571	462.7	8.329	17.06	8.68	1.36
	23.78	20.06	66.12	0.00	0.0618	11.27	495.9	415.52	0.0572	464.5	8.361	17.13	8.74	1.36
	24.70	20.08	66.07	0.00	0.0617	11.26	495.5	415.56	0.0573	465.4	8.377	17.17	8.77	1.36
	25.77	20.10	66.12	0.00	0.0618	11.27	495.9	415.62	0.0575	466.4	8.395	17.20	8.80	1.36
	26.70	20.08	66.07	0.00	0.0617	11.27	495.8	415.82	0.0575	467.3	8.412	17.24	8.83	1.36
	27.70	20.08	66.09	0.00	0.0618	11.27	495.8	415.62	0.0577	468.9	8.440	17.30	8.88	1.36
	28.70	20.11	66.09	0.00	0.0617	11.26	495.6	415.53	0.0577	469.1	8.443	17.30	8.89	1.36
	29.70	20.10	66.09	0.00	0.0617	11.26	495.5	415.45	0.0578	470.2	8.464	17.35	8.92	1.36
	30.70	20.10	66.09	0.00	0.0617	11.27	495.9	415.74	0.0579	471.0	8.477	17.37	8.95	1.36
	31.70	20.10	66.09	0.00	0.0617	11.26	495.4	415.32	0.0579	471.6	8.489	17.40	8.97	1.36
	32.70	20.08	66.12	0.00	0.0618	11.27	495.8	415.50	0.0581	472.7	8.508	17.43	9.00	1.36
	33.70	20.11	66.12	0.00	0.0617	11.26	495.6	415.33	0.0581	473.2	8.518	17.45	9.02	1.36
	34.70	20.10	66.11	0.00	0.0618	11.27	495.7	415.48	0.0582	475.1	8.552	17.52	9.08	1.36
	35.70	20.10	66.12	0.00	0.0617	11.26	495.5	415.30	0.0582	476.4	8.576	17.57	9.12	1.36
	36.70	20.06	66.09	0.00	0.0617	11.25	495.0	414.92	0.0584	476.8	8.582	17.58	9.13	1.36
	37.70	20.10	66.09	0.00	0.0616	11.25	495.1	415.13	0.0584	477.0	8.587	17.60	9.14	1.36
	38.70	20.10	66.09	0.00	0.0618	11.25	495.1	415.13	0.0585	477.7	8.598	17.62	9.16	1.36
	39.70	20.10	66.09	0.00	0.0617	11.25	495.2	415.15	0.0586	479.4	8.630	17.69	9.21	1.36
	40.70	20.10	66.09	0.00	0.0618	11.25	495.1	415.05	0.0588	480.8	8.655	17.74	9.25	1.36
	41.70	20.10	66.09	0.00	0.0617	11.26	495.6	415.51	0.0587	480.7	8.653	17.73	9.25	1.36
	42.70	20.08	66.09	0.00	0.0617	11.26	495.3	415.27	0.0587	481.1	8.659	17.75	9.26	1.36
	43.70	20.11	66.12	0.00	0.0617	11.25	495.2	415.01	0.0588	481.7	8.670	17.76	9.28	1.36
	44.69	20.13	66.12	0.00	0.0617	11.25	495.0	414.89	0.0589	482.9	8.692	17.81	9.32	1.36
	45.70	20.10	66.12	0.00	0.0616	11.24	494.5	414.42	0.0590	483.5	8.704	17.83	9.34	1.36
	46.70	20.08	66.09	0.00	0.0617	11.25	494.9	414.84	0.0590	485.2	8.734	17.90	9.39	1.36
	47.70	20.11	66.07	0.00	0.0617	11.25	495.0	415.18	0.0592	486.1	8.749	17.94	9.42	1.36
	48.70	20.11	66.12	0.00	0.0618	11.24	494.6	414.53	0.0593	486.2	8.752	17.93	9.42	1.36
	49.70	20.11	66.09	0.00	0.0616	11.23	494.0	414.21	0.0594	489.1	8.803	18.04	9.51	1.36
	50.70	20.11	66.09	0.00	0.0617	11.25	494.8	414.86	0.0592	487.8	8.781	18.00	9.47	1.36
	51.70	20.08	66.09	0.00	0.0617	11.25	494.9	414.90	0.0594	488.1	8.786	18.01	9.48	1.36
	52.70	20.13	66.09	0.00	0.0617	11.25	495.1	415.14	0.0594	488.7	8.796	18.03	9.50	1.36
	53.70	20.11	66.12	0.00	0.0616	11.25	495.0	414.86	0.0593	488.5	8.794	18.02	9.49	1.36
	54.70	20.13	66.12	0.00	0.0617	11.24	494.8	414.71	0.0595	489.4	8.809	18.05	9.52	1.36
	55.70	20.13	66.09	0.00	0.0615	11.23	494.2	414.41	0.0598	491.8	8.853	18.15	9.59	1.36
	56.70	20.11	66.09	0.00	0.0616	11.23	494.2	414.33	0.0596	491.5	8.848	18.13	9.58	1.36
	57.70	20.13	66.09	0.00	0.0616	11.23	494.2	414.38	0.0598	493.1	8.876	18.19	9.63	1.36
	58.70	20.11	66.09	0.00	0.0616	11.22	493.9	414.11	0.0598	492.2	8.860	18.16	9.60	1.36
	59.70	20.13	66.09	0.00	0.0616	11.23	494.3	414.47	0.0597	491.7	8.851	18.14	9.59	1.36
	60.70	20.11	66.09	0.00	0.0617	11.23	494.2	414.34	0.0598	492.7	8.868	18.18	9.62	1.36
	61.70	20.15	66.09	0.00	0.0616	11.23	494.2	414.40	0.0597	491.7	8.851	18.14	9.59	1.36
	62.70	20.11	66.06	0.00	0.0617	11.23	494.1	414.42	0.0597	492.7	8.868	18.18	9.62	1.36
	63.70	20.11	66.07	0.00	0.0616	11.23	494.2	414.49	0.0597	492.7	8.868	18.18	9.62	1.36
	64.70	20.10	66.09	0.00	0.0616	11.22	493.9	414.06	0.0598	493.7	8.887	18.21	9.65	1.36
	65.70	20.11	66.09	0.00	0.0616	11.22	493.9	414.07	0.0599	493.7	8.887	18.21	9.65	1.36
	66.70	20.13	66.09	0.00	0.0615	11.21	493.4	413.68	0.0599	495.2	8.913	18.27	9.69	1.36
	67.70	20.13	66.12	0.00	0.0616	11.22	493.8	413.91	0.0598	493.9	8.891	18.22	9.66	1.36
	68.70	20.11	66.12	0.00	0.0615	11.22	493.9	413.91	0.0599	494.7	8.904	18.24	9.68	1.36
	69.70	20.11	66.09	0.00	0.0616	11.22	493.5	413.75	0.0600	496.2	8.932	18.31	9.72	1.36
	70.70	20.13	66.09	0.00	0.0615	11.20	492.6	413.06	0.0600	496.6	8.938	18.32	9.73	1.36
	71.78	20.13	66.09	0.00	0.0615	11.20	492.7	413.14	0.0603	498.3	8.970	18.38	9.79	1.36
	72.70	20.11	66.09	0.00	0.0615	11.22	493.5	413.74	0.0602	497.8	8.960	18.36	9.77	1.36
	73.70	20.13	66.09	0.00	0.0615	11.21	493.3	413.63	0.0601	498.0	8.963	18.37	9.78	1.36
	74.70	20.13	66.12	0.00	0.0615	11.21	493.2	413.35	0.0602	498.0	8.964	18.37	9.78	1.36
	75.70	20.13	66.09	0.00	0.0615	11.21	493.1	413.50	0.0603	498.9	8.980	18.41	9.80	1.36
	76.70	20.13	66.12	0.00	0.0614	11.21	493.1	413.26	0.0603	499.1	8.983	18.40	9.81	1.36
	77.70	20.15	66.12	0.00	0.0614	11.20	492.8	413.11	0.0605	501.0	9.019	18.48	9.87	1.36
	78.70	20.13	66.09	0.00	0.0614	11.19	492.2	412.68	0.0605	502.3	9.042	18.53	9.91	1.36
	79.70	20.15	66.09	0.00	0.0616	11.21	493.1	413.52	0.0606	501.9	9.034	18.52	9.90	1.36
	80.70	20.15	66.12	0.00	0.0614	11.20	492.8	413.05	0.0605	500.8	9.014	18.47	9.86	1.36
	81.70	20.15	66.09	0.00	0.0615	11.19	492.4	412.92	0.0606	501.8	9.032	18.51	9.89	1.36
	82.70	20.13	66.09	0.00	0.0614	11.18	491.8	412.37	0.0607	504.3	9.077	18.60	9.97	1.36
	83.70	20.15	66.09	0.00	0.0615	11.19	492.2	412.69	0.0607	502.8	9.050	18.55	9.92	1.36
	84.70	20.15	66.09	0.00	0.0615	11.18	492.0	412.53	0.0607	504.7	9.085	18.62	9.98	1.36
	85.70	20.15	66.12	0.00	0.0615	11.19	492.4	412.73	0.0608	503.5	9.063	18.57	9.94	1.36
	86.70	20.15	66.09	0.00	0.0614	11.17	491.5	412.19	0.0607	503.2	9.057	18.56	9.93	1.36
	87.70	20.15	66.09	0.00	0.0615	11.19	492.3	412.84	0.0608	504.4	9.080	18.61	9.97	1.36
	88.70	20.13	66.09	0.00	0.0615	11.18	492.1	412.62	0.0608	505.6	9.100	18.65	10.00	1.36
	89.70	20.11	66.09	0.00	0.0614	11.18	492.0	412.49	0.0608	505.5	9.098	18.65	10.00	1.36
	90.70	20.15	66.11	0.00	0.0614	11.17	491.5	412.02	0.0609	506.5	9.116	18.68	10.03	1.36
	91.70	20.15	66.09	0.00	0.0613	11.16	491.0	411.72	0.0610	507.3	9.131	18.72	10.05	1.36
	92.72	20.15	66.09	0.00	0.0613	11.17	491.6	412.22	0.0609	506.8	9.122	18.70	10.04	1.36
	93.70	20.15	66.09	0.00	0.0613	11.17	491.6	412.25	0.0609	506.1	9.110	18.67	10.02	1.36
	94.72	20.15	66.07	0.00	0.0613	11.17	491.4	412.18	0.0610	508.3	9.149	18.76	10.08	1.36
	95.70	20.13	66.12	0.00	0.0613	11.17	491.5	411.96	0.0610	507.0	9.126	18.70	10.05	1.36
	96.78	20.15	66.12	0.00	0.0614	11.17	491.4	411.87	0.0608	505.7	9.103	18.65	10.01	1.36
	97.70	20.15	66.12	0.00	0.0613	11.17	491.5	411.97	0.0609	505.9	9.107	18.66	10.01	1.36
	98.72	20.15	66.07	0.00	0.0613	11.17	491.4	412.21	0.0609	506.3	9.113	18.69	10.02	1.36
	99.70	20.15	66.12	0.00	0.0613	11.17	491.7	412.14	0.0610	507.4	9.133	18.71	10.06	1.36
	100.70	20.15	66.09	0.00	0.0613	11.16	491.2	411.91	0.0610	506.9	9.123	18.70	10.04	1.36
	101.70	20.11	66.09	0.00	0.0614	11.17	491.6	412.15	0.0609	506.4	9.114	18.68	10.03	1.36
	102.70	20.15	66.09	0.00	0.0613	11.17	491.4	412.04	0.0611	507.4	9.133	18.72	10.06	1.36
	103.70	20.15	66.09	0.00	0.0614	11.16	491.1	411.80	0.0613	510.1	9.182	18.82	10.14	1.36
	104.70	20.15	66.09	0.00	0.0612	11.15	490.8	411.55	0.0612	509.4	9.170	18.80	10.12	1.36
	105.70	20.16	66.09	0.00	0.0614	11.16	491.1	411.87	0.0613	509.6	9.172	18.80	10.12	1.36
	106.70	20.15	66.12	0.00	0.0613	11.16	490.9	411.47	0.0613	510.0	9.180	18.81	10.13	1.36
	107.70	20.16	66.09	0.00	0.0613	11.15	490.8	411.54	0.0613	510.5	9.190	18.84	10.15	1.36
	108.70	20.16	66.09	0.00	0.0613	11.15	490.8	411.54	0.0612	509.1	9.165	18.79	10.11	1.36
	109.70	20.16	66.12	0.00	0.0613	11.14	490.2	410.92	0.0613	511.1	9.200	18.85	10.17	1.36
	110.70	20.16	66.12	0.00	0.0613	11.15	490.5	411.15	0.0614	511.4	9.204	18.86	10.17	1.36
	111.70	20.16	66.09	0.00	0.0613	11.16	490.9	411.65	0.0614	511.5	9.208	18.88	10.18	1.36
	112.70	20.13	66.09	0.00	0.0613	11.15	490.4	411.16	0.0613	511.9	9.214	18.88	10.19	1.36
	113.70	20.15	66.11	0.00	0.0612	11.15	490.5	411.14	0.0613	510.3	9.186	18.82	10.14	1.36
	114.70	20.16	66.09	0.00	0.0613	11.15	490.7	411.47	0.0614	511.4	9.205	18.87	10.18	1.36
	115.70	20.16	66.09	0.00	0.0613	11.15	490.4	411.24	0.0613	512.6	9.227	18.91	10.21	1.36
	116.70	20.15	66.09	0.00	0.0614	11.15	490.6	411.38	0.0614	511.7	9.210	18.88	10.18	1.36
	117.70	20.16	66.09	0.00	0.0613	11.15	490.4	411.28	0.0613	511.2	9.202	18.86	10.17	1.36
	118.70	20.16	66.09	0.00	0.0613	11.15	490.4	411.28	0.0613	510.6	9.191	18.84	10.15	1.36
	119.78	20.15	66.09	0.00	0.0613	11.14	490.3	411.12	0.0613	511.2	9.201	18.86	10.17	1.36
	120.70	20.16	66.09	0.00	0.0611	11.14	490.0	410.89	0.0615	512.6	9.226	18.91	10.21	1.36
	121.72	20.16	66.09	0.00	0.0613	11.14	490.4	411.23	0.0613	511.6	9.209	18.88	10.18	1.36
	122.70	20.16	66.09	0.00	0.0612	11.15	490.5	411.36	0.0612	511.1	9.200	18.86	10.17	1.36
	123.72	20.16	66.12	0.00	0.0616	11.31	497.6	417.11	0.0597	486.2	8.751	17.93	9.42	1.36
	124.70	20.16	66.12	0.00	0.0613	11.18	491.9	412.36	0.0547	432.6	7.788	15.96	7.70	1.36
	125.72	20.16	66.12	0.00	0.0626	11.56	508.7	426.45	0.0548	436.9	7.864	16.11	7.84	1.36
	126.70	20.16	66.12	0.00	0.0621	11.30	497.3	416.85	0.0559	442.7	7.969	16.33	8.04	1.36
	127.70	20.15	66.12	0.00	0.0616	11.21	493.2	413.42	0.0541	429.8	7.737	15.85	7.60	1.37
	128.70	20.15	66.09	0.00	0.0616	12.29	540.6	453.31	0.0550	435.4	7.838	16.07	7.79	1.36
	129.70	20.16	66.09	0.00	0.0615	11.21	493.1	413.53	0.0540	429.8	7.737	15.86	7.60	1.36
	130.70	20.16	66.09	0.00	0.0612	11.19	492.5	412.98	0.0581	443.7	7.987	16.37	8.07	1.36
	131.70	20.18	66.09	0.00	0.0618	11.21	493.1	413.53	0.0539	427.4	7.693	15.77	7.52	1.36
	132.70	20.16	66.12	0.00	0.0613	11.19	492.5	412.87	0.0546	433.0	7.795	15.97	7.71	1.37
	133.70	20.20	66.11	0.00	0.0614	11.20	492.9	413.29	0.0556	437.8	7.880	16.15	7.88	1.37
	134.70	20.18	66.09	0.00	0.0614	11.20	492.7	413.19	0.0541	433.1	7.795	15.98	7.71	1.36
	135.70	20.18	66.12	0.00	0.0616	11.22	493.9	414.00	0.0541	431.9	7.775	15.93	7.68	1.36
	136.70	20.16	66.09	0.00	0.0618	11.25	495.2	415.25	0.0528	419.9	7.559	15.49	7.26	1.36
	137.70	20.18	66.09	0.00	0.0619	11.29	496.7	416.58	0.0527	414.7	7.464	15.30	7.08	1.36
	138.70	20.18	66.12	0.00	0.0619	11.29	496.8	416.49	0.0527	412.9	7.431	15.23	7.02	1.37
	139.70	20.18	66.09	0.00	0.0618	11.29	496.7	416.52	0.0528	413.9	7.451	15.27	7.05	1.37
	140.78	20.18	66.09	0.00	0.0617	11.26	495.4	415.43	0.0530	417.7	7.518	15.41	7.18	1.36
	141.70	20.16	66.09	0.00	0.0616	11.23	494.1	414.31	0.0535	421.0	7.578	15.53	7.30	1.36
	142.78	20.16	66.09	0.00	0.0619	11.29	496.7	416.52	0.0528	415.4	7.477	15.33	7.10	1.36
	143.70	20.20	66.09	0.00	0.0619	11.31	497.4	417.20	0.0527	414.4	7.459	15.29	7.07	1.36
	144.78	20.18	66.09	0.00	0.0618	11.26	495.6	415.61	0.0529	419.4	7.550	15.48	7.25	1.37
	145.70	20.18	66.09	0.00	0.0618	11.29	496.6	416.45	0.0528	416.5	7.497	15.37	7.15	1.36
	146.72	20.18	66.09	0.00	0.0630	11.74	516.5	433.15	0.0536	428.2	7.707	15.80	7.55	1.36
	147.70	20.18	66.07	0.00	0.0643	12.00	528.0	442.94	0.0542	427.8	7.701	15.79	7.54	1.36
	148.72	20.18	66.09	0.00	0.0663	11.94	525.3	440.50	0.0546	436.0	7.847	16.09	7.81	1.36
	149.70	20.18	66.12	0.00	0.0790	16.17	711.4	596.35	0.0542	431.4	7.766	15.91	7.66	1.36
	150.72	20.18	66.12	0.00	0.0676	13.18	580.0	486.23	0.0540	431.9	7.774	15.93	7.68	1.36
	151.70	20.18	66.09	0.00	0.0677	12.68	557.8	467.75	0.0543	431.7	7.770	15.93	7.67	1.36
	152.72	20.18	66.09	0.00	0.1739	36.14	1590.0	1333.39	0.0581	461.9	8.313	17.04	8.66	1.36
	153.70	20.16	66.09	0.00	0.0636	11.61	510.7	428.29	0.0538	421.4	7.586	15.55	7.31	1.36
	154.70	20.18	66.09	0.00	0.0624	11.59	509.9	427.66	0.0535	429.4	7.729	15.84	7.59	1.36
	155.70	20.18	66.09	0.00	0.0628	11.47	504.8	423.30	0.0567	458.1	8.245	16.90	8.54	1.36
	156.70	20.18	66.09	0.00	0.0618	11.28	496.5	416.38	0.0548	439.8	7.917	16.23	7.94	1.36
	157.70	20.18	66.12	0.00	0.0616	11.23	493.9	414.05	0.0545	437.3	7.871	16.13	7.86	1.36
	158.70	20.20	66.12	0.00	0.0616	11.24	494.6	414.62	0.0542	430.1	7.741	15.86	7.61	1.36
	159.70	20.18	66.09	0.00	0.0614	11.19	492.4	412.90	0.0550	438.1	7.886	16.17	7.88	1.36
	160.70	20.18	66.09	0.00	0.0686	12.72	559.6	469.28	0.0539	426.7	7.681	15.75	7.50	1.36
	161.70	20.20	66.09	0.00	0.0618	11.33	498.5	418.11	0.0530	419.0	7.542	15.46	7.23	1.36
	162.70	20.22	66.09	0.00	0.0618	11.28	496.2	416.17	0.0529	416.5	7.496	15.37	7.14	1.36
	163.70	20.18	66.09	0.00	0.0618	11.27	495.7	415.70	0.0529	415.7	7.483	15.34	7.12	1.36
	164.70	20.20	66.12	0.00	0.0624	11.44	503.5	422.08	0.0531	418.0	7.524	15.42	7.20	1.36
	165.70	20.18	66.09	0.00	0.0627	11.32	498.3	417.89	0.0543	420.7	7.573	15.53	7.29	1.36
	166.70	20.20	66.12	0.00	0.0627	11.38	500.9	419.93	0.0543	426.7	7.680	15.74	7.50	1.36
	167.78	20.20	66.09	0.00	0.0627	11.26	495.3	415.43	0.0544	429.8	7.737	15.86	7.61	1.36
	168.70	20.20	66.09	0.00	0.0625	11.24	494.5	414.70	0.0533	420.1	7.561	15.50	7.27	1.36
	169.72	20.20	66.07	0.00	0.0617	11.24	494.5	414.84	0.0536	422.9	7.613	15.61	7.37	1.36
	170.70	20.20	66.09	0.00	0.0617	11.23	494.1	414.37	0.0536	427.2	7.689	15.76	7.51	1.36
	171.72	20.20	66.09	0.00	0.0616	11.23	494.2	414.50	0.0537	423.4	7.621	15.62	7.38	1.36
	172.70	20.20	66.12	0.00	0.0619	11.21	493.2	413.45	0.0557	425.5	7.659	15.69	7.46	1.36
	173.72	20.20	66.12	0.00	0.0616	11.26	495.4	415.32	0.0543	438.0	7.885	16.16	7.88	1.36
	174.70	20.21	66.09	0.00	0.0617	11.25	495.2	415.32	0.0549	439.0	7.902	16.20	7.92	1.36
	175.72	20.20	66.12	0.00	0.0615	11.31	497.7	417.29	0.0553	441.4	7.946	16.28	8.00	1.36
	176.70	20.21	66.12	0.00	0.0623	11.39	501.2	420.20	0.0546	435.7	7.842	16.07	7.80	1.36
	177.72	20.21	66.12	0.00	0.0616	11.23	493.9	414.09	0.0536	425.1	7.652	15.68	7.45	1.36
	178.70	20.21	66.09	0.00	0.0615	11.19	492.6	413.13	0.0537	425.2	7.654	15.69	7.45	1.36
	179.72	20.21	66.12	0.00	0.0615	11.21	493.3	413.56	0.0538	425.7	7.662	15.70	7.46	1.36
	180.70	20.23	66.09	0.00	0.0614	11.18	492.0	412.72	0.0538	426.6	7.680	15.75	7.50	1.36
	181.70	20.21	66.09	0.00	0.0617	11.23	494.2	414.51	0.0550	443.2	7.978	16.36	8.06	1.36
	182.70	20.21	66.09	0.00	0.0615	11.23	494.2	414.52	0.0542	431.7	7.770	15.93	7.67	1.36
	183.70	20.20	66.09	0.00	0.0615	11.20	493.0	413.47	0.0544	433.2	7.798	15.99	7.72	1.36
	184.70	20.20	66.09	0.00	0.0613	11.17	491.6	412.29	0.0547	434.0	7.813	16.02	7.75	1.36
	185.70	20.20	66.09	0.00	0.0613	11.15	490.4	411.32	0.0548	440.8	7.935	16.27	7.98	1.36
	186.72	20.22	66.09	0.00	0.0613	11.14	490.1	411.06	0.0553	444.9	8.008	16.42	8.11	1.36
	187.70	20.20	66.09	0.00	0.0612	11.16	490.9	411.71	0.0555	452.3	8.141	16.69	8.35	1.36
	188.78	20.20	66.09	0.00	0.0613	11.14	490.1	411.02	0.0554	442.4	7.963	16.33	8.03	1.36
	189.70	20.20	66.09	0.00	0.0612	11.14	490.3	411.18	0.0556	444.3	7.997	16.40	8.09	1.36
	190.72	20.21	66.12	0.00	0.0613	11.14	490.1	410.93	0.0556	447.2	8.050	16.50	8.19	1.36
	191.70	20.18	66.09	0.00	0.0611	11.12	489.1	410.21	0.0560	448.6	8.075	16.55	8.23	1.36
	192.72	20.21	66.07	0.00	0.0611	11.10	488.4	409.77	0.0559	449.1	8.084	16.58	8.25	1.36
	193.70	20.21	66.09	0.00	0.0613	11.14	490.4	411.29	0.0552	444.2	7.995	16.39	8.09	1.36
	194.72	20.21	66.09	0.00	0.0614	11.17	491.6	412.35	0.0544	434.0	7.812	16.02	7.75	1.36
	195.70	20.21	66.11	0.00	0.0613	11.19	492.4	412.88	0.0544	424.8	7.647	15.67	7.43	1.36
	196.88	20.21	66.09	0.00	0.0612	11.17	491.3	412.09	0.0549	424.6	7.643	15.67	7.43	1.36
