Mar 15 2018 at 10:19:55
Frequency: 1.00Hz.
CO2
Zero:  Value:0.91  Date:May 19 2009 at 7:53:33 AM
Span:  Value:1.00  Date:May 19 2009 at 8:00:06 AM
H2O
Zero:  Value:0.77  Date:May 19 2009 at 7:54:01 AM
Span:  Value:1.01  Date:28 Jun 2004	 at 08:29:05	
Light fog and low PAR _ THUNDER
	Relative Time	Temperature	Pressure	Aux Input	CO2 Absorptance	CO2 mmol/m3	CO2 mg/m3	CO2 umol/mol	H2O Absorptance	H2O mmol/m3	H2O g/m3	H2O mmol/mol	H2O(°C)	Cooler Voltage
	0.70	22.75	67.50	0.00	0.0610	11.00	484.0	400.94	0.0664	568.4	10.230	20.72	11.90	1.46
	1.69	22.75	67.50	0.00	0.0608	11.00	483.8	400.79	0.0665	567.5	10.215	20.68	11.88	1.46
	2.70	22.73	67.50	0.00	0.0610	11.01	484.2	401.09	0.0666	569.6	10.252	20.76	11.93	1.45
	3.69	22.77	67.50	0.00	0.0611	11.02	484.9	401.67	0.0668	571.8	10.293	20.84	11.99	1.45
	4.70	22.75	67.52	0.00	0.0610	11.01	484.6	401.31	0.0668	571.3	10.284	20.82	11.98	1.46
	5.69	22.75	67.52	0.00	0.0611	11.02	484.7	401.40	0.0669	572.7	10.309	20.87	12.01	1.46
	6.70	22.73	67.50	0.00	0.0609	11.01	484.6	401.41	0.0668	572.3	10.301	20.86	12.00	1.46
	7.69	22.75	67.50	0.00	0.0610	11.02	484.9	401.65	0.0670	573.5	10.324	20.90	12.04	1.46
	8.70	22.73	67.50	0.00	0.0612	11.02	484.9	401.68	0.0669	573.8	10.329	20.91	12.04	1.46
	9.77	22.77	67.52	0.00	0.0611	11.02	485.0	401.68	0.0670	574.3	10.337	20.93	12.06	1.46
	10.69	22.75	67.47	0.00	0.0610	11.03	485.5	402.31	0.0672	575.5	10.359	20.98	12.09	1.46
	11.70	22.75	67.47	0.00	0.0611	11.04	485.6	402.40	0.0672	576.4	10.375	21.02	12.11	1.46
	12.69	22.77	67.52	0.00	0.0610	11.04	485.9	402.39	0.0672	577.7	10.399	21.05	12.15	1.46
	13.70	22.77	67.47	0.00	0.0612	11.04	485.9	402.71	0.0674	578.3	10.409	21.09	12.16	1.46
	14.69	22.77	67.52	0.00	0.0611	11.05	486.0	402.48	0.0674	578.4	10.412	21.08	12.17	1.46
	15.70	22.77	67.50	0.00	0.0611	11.06	486.8	403.24	0.0675	580.5	10.450	21.16	12.22	1.46
	16.69	22.79	67.50	0.00	0.0611	11.07	486.9	403.37	0.0676	581.2	10.462	21.19	12.24	1.46
	17.70	22.79	67.50	0.00	0.0612	11.06	486.7	403.24	0.0675	581.5	10.468	21.20	12.25	1.46
	18.69	22.79	67.50	0.00	0.0611	11.06	486.8	403.30	0.0676	581.7	10.471	21.21	12.25	1.46
	19.70	22.77	67.50	0.00	0.0614	11.08	487.5	403.87	0.0678	584.0	10.512	21.29	12.31	1.45
	20.69	22.77	67.50	0.00	0.0613	11.08	487.4	403.75	0.0676	583.5	10.503	21.27	12.30	1.46
	21.70	22.77	67.50	0.00	0.0613	11.08	487.5	403.85	0.0679	584.1	10.513	21.29	12.31	1.46
	22.70	22.79	67.50	0.00	0.0614	11.09	488.1	404.36	0.0680	586.0	10.549	21.36	12.37	1.46
	23.70	22.75	67.47	0.00	0.0612	11.09	487.8	404.23	0.0679	585.2	10.533	21.34	12.34	1.45
	24.70	22.77	67.50	0.00	0.0614	11.10	488.2	404.43	0.0680	586.7	10.561	21.39	12.38	1.46
	25.69	22.79	67.50	0.00	0.0615	11.10	488.6	404.75	0.0681	587.5	10.574	21.41	12.40	1.45
	26.70	22.79	67.50	0.00	0.0615	11.10	488.6	404.79	0.0682	587.9	10.583	21.43	12.41	1.46
	27.69	22.79	67.50	0.00	0.0612	11.11	488.6	404.81	0.0681	588.2	10.588	21.44	12.42	1.46
	28.70	22.79	67.50	0.00	0.0615	11.11	489.0	405.12	0.0682	589.5	10.611	21.49	12.45	1.46
	29.69	22.77	67.50	0.00	0.0615	11.10	488.6	404.74	0.0682	588.8	10.598	21.46	12.44	1.45
	30.70	22.79	67.50	0.00	0.0613	11.11	488.8	404.95	0.0683	589.8	10.616	21.50	12.46	1.46
	31.69	22.79	67.50	0.00	0.0615	11.13	489.8	405.80	0.0684	591.8	10.653	21.57	12.52	1.46
	32.70	22.81	67.52	0.00	0.0615	11.13	489.6	405.46	0.0683	591.3	10.643	21.55	12.50	1.45
	33.69	22.77	67.47	0.00	0.0614	11.13	489.8	405.86	0.0683	592.0	10.656	21.59	12.52	1.46
	34.70	22.77	67.52	0.00	0.0616	11.12	489.3	405.17	0.0684	590.9	10.636	21.53	12.49	1.46
	35.69	22.79	67.50	0.00	0.0615	11.13	489.8	405.79	0.0686	592.4	10.664	21.60	12.53	1.45
	36.70	22.77	67.50	0.00	0.0614	11.14	490.2	406.09	0.0687	593.4	10.681	21.63	12.55	1.46
	37.77	22.77	67.50	0.00	0.0614	11.14	490.0	405.96	0.0685	593.5	10.683	21.63	12.56	1.45
	38.69	22.77	67.50	0.00	0.0617	11.13	489.8	405.74	0.0686	592.8	10.671	21.61	12.54	1.46
	39.70	22.77	67.50	0.00	0.0615	11.15	490.7	406.51	0.0686	595.0	10.709	21.69	12.59	1.46
	40.69	22.79	67.50	0.00	0.0614	11.15	490.5	406.37	0.0686	594.8	10.706	21.68	12.59	1.46
	41.70	22.75	67.50	0.00	0.0618	11.17	491.4	407.02	0.0689	596.8	10.743	21.75	12.64	1.46
	42.69	22.77	67.50	0.00	0.0615	11.16	490.9	406.70	0.0688	596.0	10.729	21.73	12.62	1.46
	43.70	22.77	67.50	0.00	0.0618	11.16	491.2	406.90	0.0689	596.6	10.739	21.75	12.64	1.45
	44.69	22.75	67.50	0.00	0.0616	11.16	491.1	406.84	0.0689	596.6	10.739	21.75	12.64	1.46
	45.70	22.77	67.52	0.00	0.0616	11.17	491.5	407.01	0.0687	597.8	10.760	21.78	12.67	1.46
	46.69	22.75	67.47	0.00	0.0617	11.18	491.9	407.60	0.0692	598.6	10.775	21.83	12.69	1.46
	47.70	22.79	67.55	0.00	0.0617	11.19	492.4	407.63	0.0690	599.7	10.794	21.84	12.72	1.46
	48.69	22.77	67.52	0.00	0.0618	11.18	491.8	407.22	0.0689	598.3	10.770	21.80	12.68	1.46
	49.70	22.75	67.52	0.00	0.0616	11.19	492.5	407.79	0.0691	599.7	10.795	21.85	12.72	1.46
	50.77	22.75	67.50	0.00	0.0617	11.20	492.7	408.14	0.0689	600.3	10.806	21.88	12.73	1.46
	51.70	22.77	67.50	0.00	0.0618	11.19	492.5	407.99	0.0692	600.0	10.800	21.87	12.72	1.46
	52.70	22.77	67.50	0.00	0.0618	11.21	493.3	408.67	0.0691	601.7	10.831	21.93	12.77	1.46
	53.69	22.77	67.50	0.00	0.0619	11.21	493.2	408.61	0.0693	602.4	10.844	21.96	12.79	1.46
	54.70	22.79	67.50	0.00	0.0617	11.22	493.7	409.05	0.0692	602.2	10.840	21.95	12.78	1.46
	55.69	22.75	67.50	0.00	0.0619	11.22	493.9	409.11	0.0691	602.0	10.836	21.94	12.77	1.46
	56.81	22.77	67.50	0.00	0.0619	11.22	493.8	409.09	0.0695	602.5	10.845	21.96	12.79	1.46
	57.69	22.77	67.52	0.00	0.0619	11.22	493.7	408.89	0.0694	602.8	10.850	21.96	12.79	1.46
	58.70	22.75	67.50	0.00	0.0619	11.25	494.8	409.84	0.0694	605.0	10.891	22.05	12.85	1.46
	59.69	22.77	67.50	0.00	0.0620	11.25	495.0	410.07	0.0695	605.6	10.901	22.08	12.87	1.46
	60.70	22.75	67.50	0.00	0.0620	11.25	494.8	409.91	0.0696	605.0	10.890	22.05	12.85	1.46
	61.69	22.75	67.50	0.00	0.0620	11.25	495.1	410.14	0.0696	605.8	10.905	22.08	12.87	1.46
	62.70	22.75	67.50	0.00	0.0622	11.24	494.8	409.85	0.0696	604.8	10.887	22.04	12.84	1.46
	63.70	22.75	67.50	0.00	0.0621	11.26	495.6	410.53	0.0696	606.7	10.921	22.11	12.89	1.46
	64.70	22.75	67.50	0.00	0.0622	11.27	495.7	410.64	0.0696	607.7	10.938	22.15	12.92	1.46
	65.70	22.75	67.50	0.00	0.0621	11.27	496.0	410.85	0.0697	608.0	10.943	22.16	12.92	1.46
	66.70	22.73	67.50	0.00	0.0623	11.28	496.2	410.98	0.0698	608.4	10.952	22.18	12.94	1.46
	67.70	22.75	67.50	0.00	0.0620	11.28	496.3	411.15	0.0697	608.7	10.957	22.19	12.94	1.46
	68.69	22.75	67.52	0.00	0.0620	11.27	496.0	410.74	0.0697	608.3	10.950	22.16	12.93	1.46
	69.70	22.74	67.50	0.00	0.0621	11.28	496.3	411.13	0.0699	609.4	10.969	22.21	12.96	1.46
	70.69	22.75	67.50	0.00	0.0621	11.28	496.4	411.19	0.0698	609.5	10.971	22.22	12.96	1.46
	71.70	22.75	67.50	0.00	0.0621	11.29	496.6	411.41	0.0700	609.8	10.977	22.23	12.97	1.46
	72.69	22.76	67.47	0.00	0.0623	11.29	496.8	411.73	0.0698	610.0	10.981	22.24	12.98	1.46
	73.70	22.75	67.50	0.00	0.0621	11.29	496.9	411.60	0.0698	609.9	10.978	22.23	12.97	1.46
	74.69	22.73	67.47	0.00	0.0623	11.30	497.2	412.00	0.0700	610.8	10.995	22.27	13.00	1.46
	75.70	22.73	67.50	0.00	0.0621	11.31	497.5	412.11	0.0698	611.6	11.008	22.29	13.01	1.46
	76.70	22.75	67.50	250.00	0.0623	11.31	497.8	412.39	0.0702	612.4	11.023	22.32	13.04	1.46
	77.70	22.75	67.47	0.00	0.0623	11.32	498.1	412.78	0.0703	612.7	11.029	22.34	13.04	1.46
	78.77	22.75	67.50	0.00	0.0624	11.31	497.7	412.29	0.0701	611.8	11.013	22.30	13.02	1.46
	79.70	22.75	67.50	0.00	0.0624	11.33	498.4	412.88	0.0701	613.4	11.042	22.36	13.06	1.46
	80.70	22.75	67.50	0.00	0.0623	11.32	498.2	412.69	0.0699	612.7	11.029	22.33	13.04	1.46
	81.69	22.75	67.52	0.00	0.0624	11.33	498.4	412.74	0.0702	613.6	11.045	22.36	13.07	1.46
	82.70	22.75	67.52	0.00	0.0623	11.34	499.2	413.35	0.0702	614.8	11.066	22.40	13.09	1.46
	83.69	22.75	67.47	0.00	0.0624	11.34	498.9	413.45	0.0703	614.3	11.057	22.40	13.08	1.46
	84.70	22.72	67.50	0.00	0.0624	11.35	499.4	413.64	0.0703	615.1	11.071	22.42	13.10	1.46
	85.69	22.75	67.50	0.00	0.0624	11.35	499.2	413.51	0.0702	615.0	11.070	22.42	13.10	1.46
	86.70	22.71	67.50	0.00	0.0624	11.35	499.5	413.74	0.0702	615.6	11.080	22.43	13.11	1.46
	87.69	22.75	67.50	0.00	0.0625	11.34	499.2	413.50	0.0704	615.3	11.076	22.43	13.11	1.46
	88.70	22.76	67.50	0.00	0.0626	11.37	500.2	414.31	0.0705	616.9	11.104	22.49	13.15	1.46
	89.69	22.73	67.47	0.00	0.0626	11.35	499.6	413.96	0.0704	615.9	11.086	22.45	13.12	1.46
	90.70	22.75	67.47	0.00	0.0624	11.37	500.2	414.52	0.0706	617.0	11.106	22.50	13.15	1.46
	91.77	22.74	67.50	0.00	0.0625	11.36	500.0	414.15	0.0705	616.8	11.103	22.48	13.14	1.46
	92.70	22.75	67.50	0.00	0.0627	11.38	500.8	414.87	0.0704	618.3	11.129	22.54	13.18	1.46
	93.70	22.75	67.50	0.00	0.0624	11.37	500.2	414.36	0.0705	617.3	11.111	22.50	13.16	1.46
	94.70	22.75	67.47	0.00	0.0626	11.38	500.7	414.92	0.0706	618.5	11.132	22.55	13.19	1.46
	95.70	22.75	67.50	0.00	0.0627	11.39	501.1	415.06	0.0706	619.1	11.145	22.57	13.20	1.46
	96.69	22.75	67.50	0.00	0.0626	11.38	500.7	414.73	0.0707	617.8	11.121	22.52	13.17	1.46
	97.70	22.75	67.50	0.00	0.0625	11.39	501.1	415.10	0.0705	619.2	11.145	22.57	13.20	1.46
	98.69	22.75	67.50	0.00	0.0627	11.40	501.8	415.63	0.0706	620.0	11.161	22.60	13.22	1.46
	99.70	22.73	67.52	0.00	0.0628	11.40	501.5	415.25	0.0707	620.2	11.163	22.59	13.23	1.46
	100.69	22.75	67.50	0.00	0.0626	11.40	501.6	415.54	0.0707	620.1	11.161	22.60	13.23	1.46
	101.70	22.72	67.47	0.00	0.0627	11.40	501.8	415.77	0.0709	620.2	11.163	22.61	13.23	1.46
	102.69	22.74	67.50	0.00	0.0627	11.40	501.6	415.52	0.0706	620.2	11.164	22.60	13.23	1.46
	103.70	22.74	67.52	0.00	0.0628	11.41	502.1	415.75	0.0707	621.3	11.183	22.63	13.25	1.46
	104.77	22.75	67.50	0.00	0.0628	11.41	502.2	416.04	0.0710	621.7	11.191	22.66	13.27	1.46
	105.70	22.74	67.50	0.00	0.0628	11.43	502.8	416.48	0.0709	622.3	11.201	22.68	13.28	1.46
	106.77	22.72	67.47	0.00	0.0626	11.42	502.4	416.25	0.0709	621.6	11.189	22.66	13.26	1.46
	107.70	22.72	67.50	0.00	0.0627	11.44	503.3	416.88	0.0708	622.4	11.202	22.68	13.28	1.46
	108.70	22.75	67.50	0.00	0.0630	11.45	503.6	417.19	0.0709	623.1	11.217	22.71	13.30	1.46
	109.70	22.74	67.52	0.00	0.0628	11.45	503.7	417.07	0.0709	623.5	11.223	22.72	13.31	1.46
	110.70	22.75	67.50	0.00	0.0630	11.45	503.9	417.38	0.0711	623.9	11.230	22.74	13.32	1.46
	111.69	22.74	67.50	0.00	0.0629	11.45	503.9	417.42	0.0711	624.3	11.238	22.75	13.33	1.46
	112.70	22.70	67.55	0.00	0.0630	11.45	503.6	416.83	0.0712	623.7	11.226	22.71	13.31	1.46
