Mar 15 2018 at 6:54:43
Frequency: 1.00Hz.
CO2
Zero:  Value:0.91  Date:May 19 2009 at 7:53:33 AM
Span:  Value:1.00  Date:May 19 2009 at 8:00:06 AM
H2O
Zero:  Value:0.77  Date:May 19 2009 at 7:54:01 AM
Span:  Value:1.01  Date:28 Jun 2004	 at 08:29:05	
Minor fog/overcast, bright with light wind, beware condensation
	Relative Time	Temperature	Pressure	Aux Input	CO2 Absorptance	CO2 mmol/m3	CO2 mg/m3	CO2 umol/mol	H2O Absorptance	H2O mmol/m3	H2O g/m3	H2O mmol/mol	H2O(°C)	Cooler Voltage
	0.81	15.44	67.83	0.00	0.0636	11.61	510.9	410.72	0.0621	515.9	9.287	18.25	10.06	1.40
	1.81	15.45	67.81	0.00	0.0636	11.61	510.8	410.81	0.0621	514.8	9.266	18.22	10.03	1.40
	2.81	15.44	67.81	0.00	0.0636	11.60	510.5	410.53	0.0623	516.3	9.293	18.27	10.08	1.40
	3.81	15.45	67.81	0.00	0.0636	11.61	510.8	410.80	0.0624	519.9	9.359	18.40	10.18	1.40
	4.81	15.45	67.81	0.00	0.0636	11.61	511.0	410.94	0.0626	521.1	9.380	18.44	10.22	1.40
	5.80	15.45	67.83	0.00	0.0636	11.61	511.0	410.78	0.0626	520.3	9.366	18.41	10.19	1.40
	6.81	15.48	67.81	0.00	0.0635	11.61	510.9	410.88	0.0628	522.0	9.396	18.47	10.24	1.40
	7.80	15.45	67.81	0.00	0.0636	11.61	510.8	410.83	0.0627	522.2	9.400	18.48	10.25	1.40
	8.81	15.47	67.81	0.00	0.0635	11.61	510.7	410.71	0.0627	522.6	9.407	18.49	10.26	1.40
	9.80	15.47	67.81	0.00	0.0637	11.61	510.9	410.93	0.0627	521.4	9.386	18.45	10.23	1.40
	10.81	15.47	67.81	0.00	0.0636	11.62	511.2	411.17	0.0627	522.2	9.400	18.48	10.25	1.40
	11.88	15.47	67.81	0.00	0.0637	11.62	511.2	411.17	0.0629	523.7	9.427	18.53	10.29	1.40
	12.81	15.47	67.81	0.00	0.0637	11.62	511.4	411.28	0.0631	526.6	9.479	18.63	10.37	1.40
	13.81	15.48	67.81	0.00	0.0636	11.63	511.6	411.45	0.0630	525.8	9.464	18.61	10.35	1.40
	14.81	15.47	67.83	0.00	0.0637	11.62	511.4	411.14	0.0631	526.9	9.484	18.64	10.38	1.40
	15.89	15.47	67.81	250.00	0.0636	11.62	511.3	411.22	0.0631	526.1	9.470	18.62	10.36	1.40
	16.81	15.47	67.81	0.00	0.0637	11.62	511.3	411.23	0.0630	526.3	9.474	18.62	10.36	1.40
	17.81	15.50	67.81	0.00	0.0637	11.62	511.5	411.38	0.0632	527.1	9.488	18.65	10.39	1.40
	18.80	15.48	67.81	0.00	0.0637	11.62	511.5	411.39	0.0632	528.2	9.508	18.69	10.42	1.40
	19.81	15.48	67.81	0.00	0.0637	11.63	511.8	411.62	0.0633	528.0	9.504	18.69	10.41	1.40
	20.80	15.50	67.81	0.00	0.0637	11.63	511.6	411.52	0.0633	527.8	9.500	18.68	10.41	1.40
	21.81	15.50	67.81	0.00	0.0637	11.64	511.9	411.78	0.0633	528.5	9.514	18.71	10.43	1.40
	22.81	15.48	67.81	0.00	0.0636	11.63	511.8	411.66	0.0633	528.6	9.515	18.71	10.43	1.40
	23.81	15.48	67.81	0.00	0.0638	11.64	512.1	411.90	0.0633	529.4	9.529	18.73	10.45	1.40
	24.81	15.48	67.79	0.00	0.0638	11.64	512.0	411.92	0.0635	530.3	9.546	18.77	10.48	1.40
	25.81	15.50	67.81	0.00	0.0637	11.64	512.2	412.02	0.0634	530.2	9.544	18.76	10.48	1.40
	26.81	15.50	67.78	0.00	0.0637	11.64	512.3	412.25	0.0634	531.1	9.560	18.80	10.50	1.40
	27.81	15.48	67.81	0.00	0.0637	11.64	512.0	411.80	0.0633	529.9	9.538	18.75	10.47	1.40
	28.81	15.50	67.81	0.00	0.0637	11.65	512.6	412.29	0.0634	529.5	9.530	18.74	10.46	1.40
	29.81	15.50	67.81	0.00	0.0637	11.65	512.4	412.14	0.0634	531.6	9.570	18.82	10.52	1.40
	30.81	15.50	67.81	0.00	0.0637	11.64	512.4	412.12	0.0635	531.4	9.566	18.81	10.51	1.40
	31.81	15.52	67.81	0.00	0.0638	11.66	512.9	412.57	0.0636	530.8	9.554	18.79	10.49	1.40
	32.81	15.52	67.81	0.00	0.0638	11.66	512.9	412.54	0.0635	531.0	9.558	18.79	10.50	1.40
	33.80	15.48	67.79	0.00	0.0638	11.66	513.1	412.80	0.0636	533.0	9.593	18.87	10.55	1.40
	34.81	15.53	67.78	0.00	0.0638	11.65	512.8	412.69	0.0636	532.9	9.591	18.87	10.55	1.40
	35.80	15.53	67.81	0.00	0.0638	11.66	513.2	412.87	0.0636	532.3	9.581	18.84	10.54	1.40
	36.81	15.53	67.81	0.00	0.0638	11.66	513.2	412.84	0.0638	533.8	9.609	18.89	10.58	1.40
	37.88	15.52	67.81	0.00	0.0638	11.66	512.8	412.51	0.0638	533.0	9.594	18.87	10.56	1.40
	38.81	15.52	67.81	0.00	0.0638	11.66	513.1	412.74	0.0636	533.1	9.596	18.87	10.56	1.40
	39.81	15.52	67.81	0.00	0.0639	11.66	513.2	412.80	0.0636	533.3	9.599	18.87	10.56	1.40
	40.81	15.52	67.83	0.00	0.0638	11.67	513.3	412.72	0.0638	534.4	9.618	18.91	10.59	1.40
	41.81	15.53	67.81	0.00	0.0638	11.67	513.3	412.90	0.0637	534.3	9.617	18.91	10.59	1.40
	42.81	15.53	67.81	0.00	0.0639	11.67	513.3	412.95	0.0639	534.9	9.628	18.93	10.61	1.40
	43.81	15.53	67.81	0.00	0.0639	11.68	513.9	413.39	0.0636	532.5	9.585	18.85	10.54	1.40
	44.81	15.53	67.81	0.00	0.0639	11.67	513.7	413.23	0.0639	535.1	9.632	18.94	10.62	1.40
	45.81	15.53	67.81	0.00	0.0639	11.68	513.9	413.38	0.0637	534.1	9.615	18.91	10.59	1.40
	46.80	15.53	67.83	0.00	0.0639	11.68	513.8	413.20	0.0638	535.7	9.642	18.95	10.63	1.40
	47.81	15.52	67.81	0.00	0.0639	11.68	513.9	413.38	0.0639	534.6	9.623	18.92	10.60	1.40
	48.80	15.53	67.81	0.00	0.0639	11.69	514.2	413.66	0.0638	534.1	9.615	18.91	10.59	1.40
	49.81	15.55	67.81	0.00	0.0639	11.69	514.1	413.62	0.0640	536.4	9.655	18.99	10.65	1.40
	50.80	15.53	67.81	0.00	0.0639	11.69	514.2	413.65	0.0640	536.5	9.657	18.99	10.65	1.40
	51.81	15.55	67.81	0.00	0.0639	11.69	514.3	413.71	0.0640	535.8	9.644	18.97	10.64	1.40
	52.81	15.55	67.81	0.00	0.0639	11.70	514.6	413.99	0.0640	536.1	9.650	18.98	10.65	1.40
	53.81	15.55	67.81	0.00	0.0640	11.70	514.6	413.99	0.0639	536.1	9.649	18.97	10.64	1.40
	54.81	15.53	67.81	0.00	0.0640	11.70	514.8	414.16	0.0640	534.4	9.619	18.92	10.60	1.40
	55.81	15.55	67.81	0.00	0.0640	11.70	514.7	414.07	0.0639	536.7	9.661	19.00	10.66	1.40
	56.81	15.55	67.81	0.00	0.0640	11.69	514.5	413.91	0.0639	537.2	9.670	19.02	10.68	1.40
	57.81	15.57	67.81	0.00	0.0640	11.70	514.8	414.13	0.0640	537.1	9.667	19.01	10.67	1.40
	58.81	15.57	67.79	0.00	0.0640	11.70	514.9	414.35	0.0640	536.9	9.665	19.01	10.67	1.40
	59.81	15.57	67.81	0.00	0.0640	11.70	515.0	414.31	0.0641	538.2	9.688	19.05	10.71	1.40
	60.81	15.57	67.81	0.00	0.0640	11.71	515.0	414.36	0.0640	537.9	9.683	19.04	10.70	1.40
	61.80	15.57	67.81	0.00	0.0640	11.71	515.1	414.43	0.0640	537.0	9.666	19.01	10.67	1.40
	62.81	15.53	67.81	0.00	0.0640	11.71	515.4	414.61	0.0640	537.8	9.680	19.04	10.69	1.40
	63.89	15.55	67.76	0.00	0.0640	11.71	515.3	414.85	0.0640	537.0	9.666	19.02	10.67	1.40
	64.81	15.57	67.83	0.00	0.0641	11.72	515.7	414.71	0.0641	537.3	9.672	19.01	10.68	1.40
	65.88	15.57	67.81	0.00	0.0640	11.71	515.5	414.70	0.0640	538.2	9.687	19.05	10.70	1.40
	66.81	15.57	67.79	0.00	0.0641	11.72	515.9	415.17	0.0641	537.4	9.674	19.03	10.68	1.40
	67.81	15.58	67.81	0.00	0.0641	11.72	515.7	414.95	0.0641	537.2	9.669	19.02	10.68	1.40
	68.81	15.58	67.81	0.00	0.0641	11.72	515.8	414.98	0.0641	538.7	9.696	19.07	10.72	1.40
	69.81	15.58	67.81	0.00	0.0641	11.73	516.0	415.13	0.0640	536.7	9.661	19.00	10.66	1.40
	70.81	15.57	67.81	0.00	0.0641	11.73	516.3	415.38	0.0639	537.6	9.676	19.03	10.69	1.40
	71.81	15.58	67.81	0.00	0.0641	11.73	516.1	415.26	0.0642	538.7	9.696	19.07	10.72	1.40
	72.81	15.57	67.81	0.00	0.0641	11.74	516.4	415.45	0.0641	539.3	9.707	19.09	10.74	1.40
	73.81	15.60	67.81	0.00	0.0642	11.74	516.4	415.51	0.0641	537.6	9.676	19.03	10.69	1.40
	74.80	15.60	67.81	0.00	0.0641	11.74	516.5	415.58	0.0641	539.2	9.705	19.09	10.73	1.40
	75.81	15.58	67.83	0.00	0.0642	11.74	516.5	415.42	0.0642	538.3	9.690	19.05	10.71	1.40
	76.80	15.60	67.81	0.00	0.0642	11.74	516.7	415.73	0.0642	538.5	9.693	19.06	10.71	1.40
	77.81	15.60	67.81	0.00	0.0641	11.74	516.7	415.72	0.0642	539.2	9.706	19.09	10.73	1.40
	78.89	15.60	67.83	0.00	0.0641	11.74	516.7	415.61	0.0642	538.9	9.700	19.07	10.73	1.40
	79.81	15.60	67.81	0.00	0.0642	11.75	516.9	415.93	0.0642	538.9	9.701	19.08	10.73	1.40
	80.81	15.60	67.81	0.00	0.0642	11.75	517.2	416.14	0.0642	538.6	9.695	19.07	10.72	1.40
	81.81	15.60	67.83	0.00	0.0642	11.75	517.0	415.83	0.0641	538.3	9.689	19.05	10.71	1.40
	82.81	15.63	67.81	0.00	0.0642	11.76	517.5	416.47	0.0641	538.5	9.693	19.07	10.72	1.40
	83.81	15.61	67.81	0.00	0.0641	11.76	517.5	416.39	0.0641	539.3	9.707	19.09	10.74	1.40
	84.81	15.60	67.81	0.00	0.0643	11.76	517.5	416.37	0.0642	539.8	9.716	19.11	10.75	1.40
	85.81	15.61	67.81	0.00	0.0643	11.76	517.3	416.30	0.0642	539.7	9.715	19.11	10.75	1.40
	86.81	15.61	67.81	0.00	0.0643	11.77	517.7	416.59	0.0643	541.4	9.745	19.17	10.80	1.40
	87.81	15.63	67.81	0.00	0.0643	11.77	517.8	416.65	0.0643	540.9	9.736	19.15	10.78	1.40
	88.81	15.63	67.81	0.00	0.0642	11.77	517.7	416.58	0.0643	540.7	9.733	19.15	10.78	1.40
	89.80	15.63	67.81	0.00	0.0643	11.77	517.9	416.78	0.0642	540.7	9.733	19.15	10.78	1.40
	90.81	15.63	67.81	0.00	0.0643	11.78	518.3	417.07	0.0642	539.4	9.708	19.10	10.74	1.40
	91.89	15.63	67.83	0.00	0.0643	11.78	518.1	416.79	0.0643	540.5	9.729	19.13	10.77	1.40
	92.81	15.63	67.81	0.00	0.0643	11.78	518.5	417.21	0.0643	540.9	9.737	19.15	10.78	1.40
	93.81	15.63	67.81	0.00	0.0643	11.79	518.6	417.32	0.0643	539.6	9.713	19.11	10.75	1.40
	94.81	15.63	67.81	0.00	0.0643	11.78	518.5	417.24	0.0643	541.2	9.742	19.16	10.79	1.40
	95.81	15.63	67.81	0.00	0.0644	11.78	518.4	417.15	0.0644	540.2	9.724	19.13	10.76	1.40
	96.81	15.65	67.83	0.00	0.0643	11.79	518.7	417.26	0.0643	541.6	9.750	19.17	10.80	1.40
	97.81	15.63	67.78	0.00	0.0644	11.79	518.9	417.72	0.0644	542.4	9.763	19.21	10.83	1.40
	98.81	15.65	67.81	0.00	0.0644	11.79	518.9	417.56	0.0642	541.8	9.752	19.18	10.81	1.39
	99.81	15.65	67.81	0.00	0.0644	11.80	519.1	417.73	0.0642	540.3	9.726	19.13	10.77	1.40
	100.83	15.65	67.81	250.00	0.0644	11.80	519.0	417.70	0.0643	540.8	9.734	19.15	10.78	1.40
	101.81	15.63	67.79	0.00	0.0644	11.79	518.9	417.70	0.0645	541.3	9.743	19.17	10.79	1.39
	102.89	15.65	67.81	0.00	0.0644	11.80	519.3	417.90	0.0644	541.8	9.752	19.18	10.81	1.40
	103.81	15.65	67.81	0.00	0.0644	11.80	519.3	417.91	0.0644	542.6	9.767	19.21	10.83	1.40
	104.89	15.66	67.83	0.00	0.0643	11.81	519.7	418.08	0.0645	542.8	9.771	19.22	10.84	1.40
	105.81	15.65	67.83	0.00	0.0644	11.81	519.5	417.92	0.0645	541.8	9.752	19.18	10.81	1.40
	106.89	15.66	67.81	0.00	0.0645	11.81	519.6	418.20	0.0646	542.9	9.772	19.22	10.84	1.39
	107.81	15.66	67.81	0.00	0.0645	11.81	519.6	418.16	0.0645	542.1	9.758	19.20	10.82	1.40
	108.81	15.65	67.83	0.00	0.0644	11.81	519.6	418.02	0.0644	542.7	9.769	19.21	10.83	1.40
	109.81	15.66	67.81	0.00	0.0645	11.81	519.8	418.32	0.0645	542.9	9.771	19.22	10.84	1.40
	110.81	15.63	67.79	0.00	0.0644	11.81	519.8	418.42	0.0645	542.2	9.760	19.21	10.82	1.39
	111.81	15.65	67.81	0.00	0.0645	11.82	520.1	418.55	0.0645	542.6	9.766	19.21	10.83	1.40
	112.81	15.66	67.83	0.00	0.0644	11.82	520.1	418.42	0.0645	542.8	9.771	19.22	10.84	1.40
	113.80	15.69	67.83	0.00	0.0645	11.83	520.3	418.68	0.0645	543.6	9.784	19.24	10.86	1.40
	114.81	15.68	67.83	0.00	0.0645	11.83	520.5	418.73	0.0644	543.3	9.779	19.23	10.85	1.40
	115.80	15.68	67.81	0.00	0.0645	11.83	520.5	418.91	0.0645	543.6	9.784	19.25	10.86	1.40
	116.81	15.68	67.85	0.00	0.0645	11.83	520.4	418.59	0.0644	542.7	9.769	19.21	10.84	1.39
	117.80	15.68	67.83	0.00	0.0645	11.83	520.5	418.76	0.0645	543.2	9.778	19.23	10.85	1.40
	118.81	15.68	67.83	0.00	0.0646	11.84	520.8	419.01	0.0644	542.0	9.756	19.19	10.82	1.39
	119.88	15.68	67.81	0.00	0.0645	11.83	520.6	418.98	0.0645	543.8	9.788	19.26	10.87	1.40
	120.81	15.70	67.81	0.00	0.0645	11.84	520.8	419.19	0.0644	542.1	9.758	19.20	10.82	1.40
	121.81	15.68	67.81	0.00	0.0646	11.84	520.9	419.20	0.0646	543.5	9.783	19.25	10.86	1.40
	122.81	15.68	67.81	0.00	0.0645	11.83	520.7	419.08	0.0646	544.4	9.799	19.28	10.88	1.40
	123.81	15.70	67.81	0.00	0.0646	11.85	521.5	419.72	0.0645	542.3	9.761	19.21	10.83	1.40
	124.81	15.70	67.83	0.00	0.0646	11.85	521.3	419.45	0.0647	543.9	9.791	19.26	10.87	1.39
	125.81	15.70	67.81	0.00	0.0646	11.85	521.3	419.62	0.0645	542.8	9.771	19.22	10.84	1.40
	126.80	15.70	67.81	0.00	0.0646	11.85	521.3	419.62	0.0646	544.3	9.798	19.28	10.88	1.40
	127.81	15.71	67.81	0.00	0.0646	11.85	521.4	419.69	0.0647	544.8	9.807	19.30	10.90	1.40
	128.80	15.71	67.81	0.00	0.0646	11.85	521.6	419.86	0.0646	545.4	9.817	19.32	10.91	1.39
	129.81	15.71	67.81	0.00	0.0647	11.86	521.8	420.03	0.0647	545.5	9.819	19.32	10.91	1.40
