"2018-03-17 at 18:26"
Date(Y-M-D) Time(H:M:S) CO2(ppm) H2O(ppt) H2O(C) Cell_Temperature(C) Cell_Pressure(kPa) CO2_Absorption H2O_Absorption
2018-03-17 18:26:39 415.28 20.84 9.97 51.02 59.00 0.0506 0.0687
2018-03-17 18:26:40 414.99 20.84 9.95 51.02 58.93 0.0503 0.0685
2018-03-17 18:26:41 417.40 20.92 10.00 51.02 58.91 0.0507 0.0687
2018-03-17 18:26:42 418.77 20.94 10.01 51.02 58.93 0.0508 0.0688
2018-03-17 18:26:43 419.71 20.99 10.06 51.02 58.94 0.0508 0.0689
2018-03-17 18:26:44 420.87 20.96 10.04 51.03 58.96 0.0510 0.0689
2018-03-17 18:26:45 423.13 21.01 10.08 51.03 58.99 0.0512 0.0689
2018-03-17 18:26:46 423.30 20.99 10.06 51.02 58.97 0.0512 0.0690
2018-03-17 18:26:47 424.28 21.03 10.08 51.02 58.94 0.0513 0.0689
2018-03-17 18:26:48 426.26 21.01 10.07 51.02 58.93 0.0514 0.0690
2018-03-17 18:26:49 427.45 21.10 10.13 51.02 58.93 0.0516 0.0691
2018-03-17 18:26:50 428.27 21.09 10.13 51.02 58.95 0.0516 0.0691
2018-03-17 18:26:51 428.91 21.11 10.16 51.03 58.99 0.0518 0.0692
2018-03-17 18:26:52 430.71 21.06 10.11 51.04 58.97 0.0519 0.0691
2018-03-17 18:26:53 432.10 21.14 10.17 51.03 58.99 0.0520 0.0693
2018-03-17 18:26:54 433.61 21.07 10.13 51.02 58.99 0.0521 0.0691
2018-03-17 18:26:55 434.30 21.13 10.17 51.02 58.99 0.0522 0.0693
2018-03-17 18:26:56 436.00 21.12 10.16 51.02 58.99 0.0524 0.0692
2018-03-17 18:26:57 437.68 21.09 10.14 51.02 58.97 0.0526 0.0692
2018-03-17 18:26:58 438.42 21.10 10.16 51.02 59.01 0.0525 0.0692
2018-03-17 18:26:59 439.72 21.12 10.16 51.04 58.99 0.0527 0.0692
2018-03-17 18:27:00 439.86 21.10 10.14 51.04 58.98 0.0527 0.0692
2018-03-17 18:27:01 441.35 21.13 10.16 51.02 58.97 0.0528 0.0692
2018-03-17 18:27:02 442.07 21.16 10.18 51.02 58.97 0.0529 0.0694
2018-03-17 18:27:03 445.09 21.20 10.22 51.02 58.98 0.0532 0.0694
2018-03-17 18:27:04 445.30 21.16 10.19 51.02 58.99 0.0532 0.0693
2018-03-17 18:27:05 446.61 21.17 10.20 51.02 58.99 0.0533 0.0694
2018-03-17 18:27:06 447.62 21.16 10.19 51.03 59.00 0.0534 0.0694
2018-03-17 18:27:07 449.04 21.18 10.21 51.04 59.01 0.0535 0.0694
2018-03-17 18:27:08 450.67 21.16 10.19 51.03 59.00 0.0536 0.0693
2018-03-17 18:27:09 451.19 21.19 10.21 51.02 58.97 0.0537 0.0694
2018-03-17 18:27:10 452.48 21.26 10.25 51.00 58.97 0.0538 0.0695
2018-03-17 18:27:11 453.22 21.23 10.24 51.00 58.97 0.0539 0.0695
2018-03-17 18:27:12 454.25 21.21 10.23 51.02 58.99 0.0540 0.0695
2018-03-17 18:27:13 455.76 21.25 10.26 51.03 59.01 0.0541 0.0696
2018-03-17 18:27:14 458.05 21.25 10.26 51.04 59.01 0.0543 0.0696
2018-03-17 18:27:15 457.87 21.25 10.25 51.03 59.00 0.0542 0.0695
2018-03-17 18:27:16 459.67 21.26 10.26 51.02 58.98 0.0545 0.0696
2018-03-17 18:27:17 461.11 21.30 10.30 51.00 59.02 0.0546 0.0697
2018-03-17 18:27:18 460.97 21.26 10.27 51.00 59.01 0.0546 0.0696
2018-03-17 18:27:20 463.48 21.27 10.27 51.02 59.00 0.0547 0.0695
2018-03-17 18:27:21 463.14 21.31 10.29 51.02 58.97 0.0547 0.0697
2018-03-17 18:27:22 464.11 21.31 10.29 51.03 58.95 0.0548 0.0696
2018-03-17 18:27:23 466.43 21.36 10.32 51.03 58.93 0.0550 0.0697
2018-03-17 18:27:24 467.57 21.33 10.30 51.02 58.94 0.0551 0.0697
2018-03-17 18:27:25 469.51 21.38 10.33 51.02 58.93 0.0552 0.0698
2018-03-17 18:27:26 471.40 21.36 10.33 51.00 58.99 0.0555 0.0698
2018-03-17 18:27:27 471.03 21.38 10.35 51.00 59.01 0.0554 0.0698
2018-03-17 18:27:28 471.25 21.35 10.32 51.02 59.01 0.0555 0.0698
2018-03-17 18:27:29 473.42 21.36 10.33 51.03 58.99 0.0556 0.0698
2018-03-17 18:27:30 473.99 21.39 10.35 51.04 58.99 0.0556 0.0698
2018-03-17 18:27:31 475.33 21.42 10.36 51.02 58.96 0.0557 0.0699
2018-03-17 18:27:32 476.97 21.43 10.36 51.02 58.93 0.0559 0.0699
2018-03-17 18:27:33 478.27 21.44 10.38 51.02 58.96 0.0560 0.0699
2018-03-17 18:27:34 479.31 21.45 10.39 51.02 58.97 0.0561 0.0700
2018-03-17 18:27:35 479.28 21.39 10.34 51.02 58.95 0.0561 0.0698
2018-03-17 18:27:36 481.60 21.47 10.40 51.04 58.98 0.0563 0.0700
2018-03-17 18:27:37 483.11 21.43 10.37 51.04 58.96 0.0564 0.0698
2018-03-17 18:27:38 483.25 21.42 10.36 51.03 58.96 0.0564 0.0700
2018-03-17 18:27:39 485.99 21.47 10.40 51.02 58.95 0.0567 0.0700
2018-03-17 18:27:40 485.65 21.47 10.40 51.02 58.95 0.0566 0.0700
2018-03-17 18:27:41 487.64 21.44 10.38 51.02 58.96 0.0568 0.0699
2018-03-17 18:27:42 487.86 21.47 10.40 51.02 58.97 0.0568 0.0700
2018-03-17 18:27:43 488.89 21.47 10.39 51.02 58.95 0.0570 0.0700
2018-03-17 18:27:44 491.46 21.47 10.41 51.03 58.99 0.0571 0.0701
2018-03-17 18:27:45 492.94 21.50 10.42 51.04 58.97 0.0573 0.0700
2018-03-17 18:27:46 492.82 21.42 10.37 51.02 58.98 0.0572 0.0699
2018-03-17 18:27:47 494.36 21.46 10.40 51.02 58.96 0.0574 0.0700
2018-03-17 18:27:48 495.87 21.50 10.42 51.02 58.96 0.0575 0.0701
2018-03-17 18:27:49 496.50 21.48 10.40 50.99 58.95 0.0576 0.0700
2018-03-17 18:27:50 498.05 21.49 10.42 51.02 58.99 0.0576 0.0701
2018-03-17 18:27:51 498.64 21.46 10.40 51.04 58.99 0.0578 0.0700
2018-03-17 18:27:52 501.15 21.47 10.41 51.04 59.01 0.0580 0.0701
2018-03-17 18:27:53 502.22 21.51 10.44 51.02 59.01 0.0581 0.0701
2018-03-17 18:27:54 503.80 21.47 10.41 51.02 58.99 0.0581 0.0700
2018-03-17 18:27:55 503.99 21.49 10.42 51.02 58.99 0.0582 0.0701
2018-03-17 18:27:56 504.50 21.48 10.41 51.02 58.97 0.0582 0.0700
2018-03-17 18:27:57 505.79 21.53 10.44 51.02 58.96 0.0583 0.0702
2018-03-17 18:27:58 506.80 21.52 10.44 51.02 58.99 0.0584 0.0701
2018-03-17 18:27:59 508.65 21.49 10.42 51.04 58.98 0.0586 0.0700
2018-03-17 18:28:00 510.79 21.52 10.43 51.02 58.97 0.0587 0.0701
2018-03-17 18:28:01 510.49 21.50 10.43 51.02 58.99 0.0587 0.0701
2018-03-17 18:28:02 512.39 21.52 10.43 51.02 58.97 0.0588 0.0701
2018-03-17 18:28:03 512.72 21.50 10.42 51.02 58.95 0.0589 0.0701
2018-03-17 18:28:04 513.09 21.53 10.44 51.02 58.95 0.0588 0.0701
2018-03-17 18:28:05 514.70 21.52 10.43 51.02 58.97 0.0591 0.0701
2018-03-17 18:28:06 516.34 21.52 10.44 51.04 58.99 0.0592 0.0702
2018-03-17 18:28:07 518.32 21.54 10.45 51.03 58.97 0.0594 0.0701
2018-03-17 18:28:08 518.89 21.50 10.42 51.02 58.95 0.0593 0.0700
2018-03-17 18:28:09 519.70 21.54 10.44 51.02 58.94 0.0595 0.0702
2018-03-17 18:28:10 520.69 21.50 10.41 51.02 58.93 0.0595 0.0700
2018-03-17 18:28:11 522.79 21.53 10.44 51.02 58.95 0.0597 0.0701
2018-03-17 18:28:12 522.65 21.47 10.39 51.02 58.93 0.0597 0.0700
2018-03-17 18:28:13 524.71 21.52 10.44 51.04 58.96 0.0599 0.0701
2018-03-17 18:28:14 526.89 21.47 10.40 51.02 58.99 0.0600 0.0700
2018-03-17 18:28:15 526.18 21.49 10.41 51.02 58.94 0.0600 0.0700
2018-03-17 18:28:16 529.45 21.48 10.40 51.02 58.95 0.0603 0.0700
2018-03-17 18:28:17 529.77 21.47 10.40 51.02 58.99 0.0603 0.0700
2018-03-17 18:28:18 530.86 21.42 10.37 51.02 58.99 0.0604 0.0699
2018-03-17 18:28:19 530.86 21.42 10.37 51.02 58.99 0.0604 0.0699
2018-03-17 18:28:20 531.23 21.42 10.37 51.02 58.99 0.0604 0.0699
