"2018-03-17 at 18:14"
Date(Y-M-D) Time(H:M:S) CO2(ppm) H2O(ppt) H2O(C) Cell_Temperature(C) Cell_Pressure(kPa) CO2_Absorption H2O_Absorption
2018-03-17 18:14:22 399.34 19.58 9.05 51.02 59.06 0.0491 0.0657
2018-03-17 18:14:23 398.68 19.57 9.04 51.02 59.05 0.0491 0.0657
2018-03-17 18:14:24 402.60 19.63 9.08 51.02 59.05 0.0495 0.0658
2018-03-17 18:14:25 404.94 19.62 9.09 51.02 59.06 0.0496 0.0659
2018-03-17 18:14:26 404.92 19.65 9.11 51.02 59.08 0.0496 0.0659
2018-03-17 18:14:27 403.37 19.64 9.10 51.03 59.05 0.0494 0.0659
2018-03-17 18:14:28 402.67 19.72 9.16 51.02 59.09 0.0495 0.0661
2018-03-17 18:14:29 404.26 19.73 9.17 51.02 59.10 0.0495 0.0661
2018-03-17 18:14:30 403.57 19.71 9.16 51.02 59.09 0.0496 0.0661
2018-03-17 18:14:31 406.09 19.71 9.15 51.00 59.06 0.0498 0.0660
2018-03-17 18:14:32 405.54 19.77 9.19 51.00 59.06 0.0497 0.0662
2018-03-17 18:14:33 407.27 19.77 9.20 51.02 59.08 0.0499 0.0662
2018-03-17 18:14:34 407.81 19.77 9.19 51.03 59.05 0.0499 0.0662
2018-03-17 18:14:35 409.85 19.83 9.23 51.03 59.05 0.0501 0.0663
2018-03-17 18:14:36 410.65 19.84 9.25 51.02 59.06 0.0501 0.0663
2018-03-17 18:14:37 411.08 19.80 9.21 51.02 59.06 0.0502 0.0663
2018-03-17 18:14:38 412.52 19.83 9.24 51.02 59.06 0.0503 0.0663
2018-03-17 18:14:39 412.55 19.83 9.24 50.99 59.06 0.0503 0.0663
2018-03-17 18:14:40 414.35 19.83 9.24 51.02 59.06 0.0505 0.0663
2018-03-17 18:14:41 414.03 19.87 9.27 51.02 59.07 0.0505 0.0665
2018-03-17 18:14:42 415.44 19.95 9.34 51.04 59.09 0.0506 0.0667
2018-03-17 18:14:43 416.61 19.92 9.32 51.02 59.10 0.0507 0.0666
2018-03-17 18:14:44 416.89 19.94 9.33 51.02 59.09 0.0507 0.0666
2018-03-17 18:14:45 418.10 20.01 9.38 51.02 59.09 0.0508 0.0668
2018-03-17 18:14:46 419.61 20.02 9.38 50.99 59.07 0.0510 0.0668
2018-03-17 18:14:47 419.87 20.05 9.40 51.00 59.04 0.0510 0.0669
2018-03-17 18:14:48 420.77 20.09 9.43 51.02 59.05 0.0511 0.0670
2018-03-17 18:14:49 421.96 20.09 9.44 51.04 59.08 0.0512 0.0670
2018-03-17 18:14:50 423.41 20.11 9.46 51.02 59.09 0.0514 0.0671
2018-03-17 18:14:51 423.70 20.15 9.49 51.02 59.08 0.0514 0.0671
2018-03-17 18:14:52 425.04 20.15 9.49 51.02 59.10 0.0515 0.0671
2018-03-17 18:14:53 425.66 20.19 9.52 51.02 59.10 0.0515 0.0672
2018-03-17 18:14:54 425.21 20.19 9.52 51.02 59.10 0.0515 0.0672
2018-03-17 18:14:55 427.15 20.24 9.55 51.02 59.08 0.0516 0.0673
2018-03-17 18:14:56 427.61 20.25 9.55 51.04 59.06 0.0517 0.0674
2018-03-17 18:14:57 428.38 20.26 9.56 51.04 59.08 0.0518 0.0674
2018-03-17 18:14:58 430.39 20.31 9.60 51.02 59.10 0.0519 0.0675
2018-03-17 18:14:59 431.40 20.29 9.58 51.02 59.07 0.0520 0.0674
2018-03-17 18:15:00 431.56 20.32 9.61 51.02 59.08 0.0520 0.0675
2018-03-17 18:15:01 432.47 20.31 9.60 51.02 59.09 0.0522 0.0675
2018-03-17 18:15:02 433.10 20.31 9.60 51.02 59.08 0.0522 0.0675
2018-03-17 18:15:03 433.32 20.32 9.61 51.02 59.08 0.0522 0.0675
2018-03-17 18:15:04 434.01 20.31 9.60 51.03 59.09 0.0522 0.0674
2018-03-17 18:15:05 435.38 20.27 9.58 51.02 59.10 0.0525 0.0674
2018-03-17 18:15:06 436.30 20.25 9.55 51.02 59.08 0.0524 0.0673
2018-03-17 18:15:08 437.12 20.21 9.53 51.02 59.08 0.0525 0.0672
2018-03-17 18:15:09 437.90 20.18 9.50 51.02 59.07 0.0527 0.0671
2018-03-17 18:15:10 438.90 20.16 9.48 51.02 59.06 0.0526 0.0670
2018-03-17 18:15:11 439.80 20.17 9.48 51.02 59.03 0.0527 0.0671
2018-03-17 18:15:12 440.21 20.15 9.47 51.04 59.04 0.0528 0.0670
2018-03-17 18:15:13 441.73 20.09 9.44 51.02 59.08 0.0530 0.0670
2018-03-17 18:15:14 443.06 20.12 9.45 51.02 59.05 0.0530 0.0670
2018-03-17 18:15:15 443.51 20.14 9.47 51.02 59.06 0.0531 0.0671
2018-03-17 18:15:16 444.85 20.13 9.46 51.02 59.06 0.0532 0.0670
2018-03-17 18:15:17 445.18 20.13 9.47 51.02 59.08 0.0533 0.0670
2018-03-17 18:15:18 446.31 20.13 9.46 51.02 59.07 0.0533 0.0670
2018-03-17 18:15:19 445.09 20.07 9.41 51.04 59.02 0.0532 0.0669
2018-03-17 18:15:20 447.74 20.20 9.51 51.03 59.05 0.0534 0.0671
2018-03-17 18:15:21 449.12 20.19 9.51 51.02 59.05 0.0536 0.0672
2018-03-17 18:15:22 447.29 20.13 9.46 51.02 59.04 0.0534 0.0670
2018-03-17 18:15:23 450.18 20.20 9.51 51.00 59.06 0.0537 0.0672
2018-03-17 18:15:24 450.68 20.19 9.50 51.00 59.04 0.0536 0.0670
2018-03-17 18:15:25 451.69 20.22 9.52 51.02 59.03 0.0539 0.0673
2018-03-17 18:15:26 453.18 20.25 9.55 51.03 59.07 0.0539 0.0673
2018-03-17 18:15:27 453.05 20.25 9.56 51.04 59.08 0.0539 0.0673
2018-03-17 18:15:28 454.18 20.23 9.53 51.02 59.06 0.0540 0.0672
2018-03-17 18:15:29 454.29 20.32 9.60 51.02 59.05 0.0541 0.0675
2018-03-17 18:15:30 456.89 20.34 9.62 51.02 59.06 0.0543 0.0675
2018-03-17 18:15:31 456.59 20.36 9.63 51.02 59.06 0.0542 0.0676
2018-03-17 18:15:32 456.67 20.33 9.60 51.02 59.03 0.0542 0.0675
2018-03-17 18:15:33 459.18 20.40 9.67 51.02 59.07 0.0544 0.0677
2018-03-17 18:15:34 458.77 20.37 9.64 51.03 59.06 0.0545 0.0675
2018-03-17 18:15:35 460.28 20.37 9.64 51.02 59.06 0.0545 0.0676
2018-03-17 18:15:36 460.59 20.41 9.67 51.02 59.04 0.0546 0.0677
2018-03-17 18:15:37 462.40 20.37 9.63 51.02 59.04 0.0547 0.0675
2018-03-17 18:15:38 462.03 20.33 9.59 50.99 58.99 0.0546 0.0674
2018-03-17 18:15:39 463.08 20.37 9.63 51.02 59.02 0.0548 0.0676
2018-03-17 18:15:40 464.12 20.37 9.63 51.02 59.03 0.0548 0.0675
2018-03-17 18:15:41 464.77 20.32 9.60 51.04 59.04 0.0550 0.0675
2018-03-17 18:15:42 466.39 20.32 9.61 51.02 59.07 0.0551 0.0675
2018-03-17 18:15:43 466.72 20.33 9.60 51.02 59.04 0.0550 0.0674
2018-03-17 18:15:44 466.77 20.23 9.53 51.02 59.04 0.0551 0.0673
2018-03-17 18:15:45 468.45 20.25 9.54 51.02 59.02 0.0552 0.0673
2018-03-17 18:15:46 469.00 20.26 9.55 51.02 59.02 0.0552 0.0673
2018-03-17 18:15:47 469.43 20.23 9.53 51.03 59.04 0.0553 0.0672
2018-03-17 18:15:48 469.61 20.20 9.51 51.04 59.03 0.0553 0.0672
2018-03-17 18:15:49 471.11 20.21 9.52 51.03 59.04 0.0554 0.0672
2018-03-17 18:15:50 471.79 20.17 9.48 51.02 59.02 0.0555 0.0670
2018-03-17 18:15:51 472.10 20.19 9.50 51.02 59.03 0.0555 0.0672
2018-03-17 18:15:52 472.10 20.19 9.50 51.02 59.03 0.0555 0.0672
2018-03-17 18:15:53 473.58 20.15 9.47 50.99 59.02 0.0556 0.0670
2018-03-17 18:15:54 473.03 20.25 9.53 51.02 58.98 0.0556 0.0673
2018-03-17 18:15:55 473.33 20.24 9.53 51.02 59.02 0.0556 0.0672
2018-03-17 18:15:56 475.39 20.23 9.53 51.03 59.02 0.0558 0.0673
2018-03-17 18:15:57 476.86 20.25 9.54 51.04 59.01 0.0559 0.0673
2018-03-17 18:15:58 477.73 20.31 9.59 51.02 59.01 0.0560 0.0675
2018-03-17 18:15:59 476.74 20.35 9.60 51.02 58.98 0.0559 0.0675
2018-03-17 18:16:00 478.87 20.36 9.61 51.02 59.00 0.0561 0.0675
2018-03-17 18:16:01 479.57 20.38 9.64 51.02 59.01 0.0561 0.0676
2018-03-17 18:16:02 480.43 20.37 9.63 51.02 59.01 0.0562 0.0675
2018-03-17 18:16:03 479.54 20.34 9.60 51.02 58.99 0.0560 0.0673
