Mar 12 2018 at 9:58:02
Frequency: 1.00Hz.
CO2
Zero:  Value:0.91  Date:May 19 2009 at 7:53:33 AM
Span:  Value:1.00  Date:May 19 2009 at 8:00:06 AM
H2O
Zero:  Value:0.77  Date:May 19 2009 at 7:54:01 AM
Span:  Value:1.01  Date:28 Jun 2004	 at 08:29:05	
third plot
	Relative Time	Temperature	Pressure	Aux Input	CO2 Absorptance	CO2 mmol/m3	CO2 mg/m3	CO2 umol/mol	H2O Absorptance	H2O mmol/m3	H2O g/m3	H2O mmol/mol	H2O(°C)	Cooler Voltage
	0.94	31.42	70.96	0.00	0.0641	11.53	507.1	411.30	0.0692	559.4	10.070	19.96	12.10	1.56
	1.94	31.42	70.96	0.00	0.0636	11.46	504.3	409.00	0.0655	550.9	9.916	19.66	11.86	1.56
	2.94	31.42	70.93	0.00	0.0635	11.47	504.8	409.60	0.0658	550.1	9.901	19.64	11.84	1.56
	3.94	31.44	70.96	0.00	0.0637	11.54	507.5	411.66	0.0674	561.7	10.111	20.05	12.16	1.56
	4.94	31.44	70.94	0.00	0.0639	11.56	508.8	412.82	0.0674	572.3	10.301	20.43	12.44	1.56
	5.95	31.44	70.96	0.00	0.0635	11.50	506.1	410.49	0.0668	565.1	10.171	20.17	12.25	1.56
	6.94	31.44	70.96	0.00	0.0635	11.47	504.5	409.18	0.0673	561.4	10.105	20.03	12.15	1.56
	7.94	31.39	70.91	0.00	0.0635	11.46	504.3	409.24	0.0679	566.8	10.202	20.24	12.29	1.56
	8.94	31.44	70.96	0.00	0.0635	11.44	503.6	408.44	0.0681	573.2	10.317	20.46	12.47	1.56
	9.94	31.41	70.96	0.00	0.0635	11.41	501.9	407.09	0.0684	578.9	10.420	20.66	12.62	1.56
	10.94	31.44	70.96	0.00	0.0635	11.42	502.6	407.62	0.0688	589.5	10.611	21.04	12.89	1.56
	11.94	31.41	70.96	0.00	0.0632	11.36	499.9	405.43	0.0699	594.0	10.692	21.20	13.01	1.56
	12.94	31.44	70.96	0.00	0.0633	11.36	499.7	405.29	0.0699	601.7	10.831	21.47	13.21	1.56
	13.94	31.46	70.96	250.00	0.0631	11.36	499.8	405.39	0.0704	604.7	10.884	21.58	13.28	1.56
	14.94	31.46	70.99	0.00	0.0635	11.44	503.2	408.04	0.0706	608.8	10.959	21.72	13.39	1.56
	15.94	31.46	70.98	0.00	0.0636	11.44	503.5	408.30	0.0714	613.1	11.037	21.88	13.50	1.56
	16.94	31.46	70.96	0.00	0.0634	11.43	502.8	407.87	0.0711	612.3	11.021	21.85	13.48	1.56
	17.94	31.46	70.96	0.00	0.0632	11.39	501.2	406.53	0.0713	611.5	11.007	21.82	13.46	1.56
	18.94	31.46	70.98	0.00	0.0633	11.38	500.7	405.98	0.0718	620.3	11.166	22.13	13.68	1.56
	19.94	31.48	70.96	0.00	0.0630	11.35	499.3	405.06	0.0726	629.2	11.326	22.46	13.90	1.56
	20.94	31.46	70.96	0.00	0.0631	11.35	499.4	405.09	0.0730	631.7	11.371	22.55	13.96	1.56
	21.94	31.43	70.94	0.00	0.0628	11.31	497.5	403.65	0.0737	640.3	11.526	22.86	14.17	1.56
	22.95	31.46	70.96	0.00	0.0632	11.32	498.3	404.17	0.0735	643.7	11.586	22.97	14.25	1.56
	23.94	31.48	70.96	0.00	0.0631	11.32	498.2	404.16	0.0741	645.1	11.611	23.02	14.28	1.56
	24.94	31.49	70.96	0.00	0.0631	11.35	499.3	405.00	0.0744	650.3	11.705	23.21	14.41	1.56
	25.94	31.45	70.96	0.00	0.0630	11.32	498.0	403.91	0.0745	655.7	11.802	23.40	14.53	1.56
	26.94	31.48	70.96	0.00	0.0630	11.33	498.7	404.53	0.0745	652.4	11.743	23.29	14.46	1.56
	27.94	31.45	70.94	0.00	0.0630	11.31	497.7	403.81	0.0753	659.4	11.869	23.54	14.62	1.57
	28.94	31.48	70.96	0.00	0.0629	11.30	497.2	403.34	0.0748	657.6	11.836	23.47	14.58	1.56
	29.94	31.48	70.96	0.00	0.0631	11.34	498.9	404.71	0.0752	659.8	11.877	23.55	14.63	1.56
	30.94	31.50	70.98	0.00	0.0630	11.29	496.9	402.95	0.0753	663.5	11.943	23.68	14.72	1.56
	31.94	31.47	70.98	0.00	0.0631	11.31	497.6	403.48	0.0761	674.4	12.139	24.06	14.97	1.56
	32.94	31.48	70.94	0.00	0.0630	11.29	496.9	403.25	0.0756	666.8	12.003	23.81	14.79	1.56
	33.94	31.50	70.96	0.00	0.0628	11.26	495.3	401.79	0.0765	680.7	12.252	24.30	15.11	1.57
	34.94	31.50	70.96	0.00	0.0625	11.29	497.0	403.16	0.0769	676.1	12.169	24.13	15.01	1.56
	35.94	31.50	70.96	0.00	0.0628	11.27	496.1	402.45	0.0765	680.6	12.250	24.29	15.11	1.56
	36.94	31.46	71.01	0.00	0.0628	11.24	494.7	400.95	0.0773	697.7	12.559	24.88	15.50	1.56
	37.94	31.47	70.96	0.00	0.0631	11.29	496.8	403.03	0.0790	698.0	12.563	24.91	15.50	1.56
	38.94	31.47	70.93	0.00	0.0626	11.24	494.5	401.28	0.0771	687.1	12.368	24.53	15.26	1.57
	39.95	31.53	70.96	0.00	0.0627	11.23	494.1	400.89	0.0773	691.3	12.443	24.68	15.36	1.57
	40.94	31.52	70.94	0.00	0.0627	11.26	495.3	401.97	0.0782	700.0	12.600	25.00	15.55	1.56
	41.95	31.52	70.94	0.00	0.0626	11.24	494.4	401.25	0.0783	701.7	12.630	25.06	15.59	1.57
	42.94	31.54	70.96	0.00	0.0626	11.26	495.4	401.94	0.0786	708.9	12.759	25.31	15.75	1.57
	43.94	31.52	70.94	0.00	0.0622	11.17	491.6	398.93	0.0786	705.9	12.705	25.21	15.68	1.57
	44.94	31.52	70.96	0.00	0.0625	11.22	493.5	400.37	0.0791	712.9	12.833	25.45	15.84	1.57
	45.94	31.49	70.96	0.00	0.0626	11.22	493.9	400.63	0.0791	716.9	12.905	25.59	15.92	1.57
	46.94	31.52	70.96	0.00	0.0626	11.20	492.7	399.71	0.0794	716.3	12.894	25.57	15.91	1.57
	47.94	31.56	70.96	0.00	0.0625	11.21	493.1	400.14	0.0797	722.7	13.009	25.80	16.05	1.57
	48.94	31.51	70.96	0.00	0.0624	11.18	492.1	399.21	0.0800	728.6	13.115	26.01	16.18	1.57
	49.94	31.49	70.96	0.00	0.0624	11.20	492.8	399.76	0.0801	729.9	13.139	26.05	16.21	1.57
	50.94	31.54	70.96	0.00	0.0624	11.21	493.3	400.22	0.0805	740.5	13.330	26.44	16.43	1.57
	51.94	31.54	70.96	0.00	0.0623	11.16	491.1	398.42	0.0807	733.5	13.203	26.19	16.28	1.57
	52.94	31.54	70.96	0.00	0.0622	11.14	490.1	397.67	0.0808	733.6	13.205	26.19	16.29	1.57
	53.94	31.54	70.96	0.00	0.0624	11.18	492.1	399.26	0.0820	742.5	13.365	26.51	16.48	1.57
	54.94	31.49	70.96	0.00	0.0622	11.18	491.7	398.91	0.0814	742.6	13.366	26.50	16.47	1.57
	55.94	31.56	70.94	0.00	0.0625	11.23	494.1	401.03	0.0820	751.8	13.533	26.85	16.67	1.57
	56.95	31.54	70.96	0.00	0.0623	11.17	491.4	398.66	0.0819	752.1	13.538	26.85	16.68	1.57
	57.94	31.56	70.96	0.00	0.0624	11.16	491.2	398.56	0.0819	749.0	13.482	26.74	16.61	1.57
	58.95	31.56	70.96	0.00	0.0623	11.14	490.1	397.70	0.0823	753.6	13.564	26.90	16.71	1.57
	59.94	31.53	70.94	0.00	0.0623	11.15	490.4	398.01	0.0824	757.1	13.628	27.04	16.78	1.57
	60.95	31.56	70.94	0.00	0.0622	11.15	490.6	398.17	0.0823	759.3	13.668	27.12	16.83	1.57
	61.94	31.56	70.96	0.00	0.0622	11.16	490.9	398.35	0.0826	759.4	13.668	27.11	16.83	1.57
	62.95	31.49	70.91	0.00	0.0621	11.12	489.3	397.21	0.0826	762.0	13.716	27.22	16.88	1.57
	63.94	31.56	70.96	0.00	0.0621	11.11	489.0	396.81	0.0826	759.9	13.679	27.13	16.84	1.57
	64.94	31.53	70.96	0.00	0.0620	11.11	488.7	396.46	0.0831	764.4	13.760	27.29	16.93	1.57
	65.94	31.53	70.93	0.00	0.0620	11.11	488.9	396.80	0.0834	775.8	13.965	27.71	17.17	1.57
	66.94	31.55	70.96	0.00	0.0619	11.07	487.0	395.11	0.0835	771.5	13.886	27.54	17.08	1.57
	67.94	31.56	70.98	0.00	0.0618	11.08	487.6	395.51	0.0838	773.4	13.921	27.60	17.12	1.57
	68.94	31.56	70.94	0.00	0.0620	11.07	487.1	395.37	0.0842	779.5	14.031	27.84	17.24	1.57
	69.94	31.58	70.96	0.00	0.0619	11.06	486.8	395.01	0.0840	782.0	14.077	27.92	17.30	1.57
	70.94	31.55	70.91	0.00	0.0618	11.05	486.0	394.60	0.0845	782.1	14.077	27.94	17.30	1.57
	71.94	31.55	70.96	0.00	0.0619	11.06	486.7	394.92	0.0848	789.6	14.213	28.19	17.45	1.57
	72.94	31.55	70.96	0.00	0.0618	11.06	486.8	395.01	0.0847	793.8	14.288	28.34	17.53	1.57
	73.94	31.58	70.96	0.00	0.0618	11.04	485.9	394.29	0.0851	797.0	14.346	28.46	17.60	1.57
	74.94	31.60	70.96	0.00	0.0616	11.04	485.8	394.21	0.0852	799.0	14.382	28.53	17.64	1.57
	75.95	31.60	70.96	0.00	0.0617	11.03	485.2	393.78	0.0853	794.3	14.297	28.36	17.54	1.57
	76.94	31.60	70.93	0.00	0.0619	11.02	485.0	393.76	0.0857	802.0	14.436	28.65	17.70	1.57
	77.95	31.60	70.96	0.00	0.0617	11.03	485.2	393.74	0.0853	800.3	14.406	28.58	17.66	1.57
	78.94	31.57	70.96	0.00	0.0616	11.03	485.2	393.69	0.0863	807.6	14.536	28.83	17.80	1.57
	79.95	31.57	70.96	0.00	0.0617	11.03	485.3	393.82	0.0861	810.1	14.582	28.92	17.85	1.57
	80.94	31.60	70.93	0.00	0.0615	11.02	484.9	393.66	0.0858	808.7	14.556	28.89	17.83	1.57
	81.95	31.60	70.96	0.00	0.0617	10.99	483.7	392.50	0.0859	803.2	14.458	28.68	17.72	1.57
	82.94	31.62	70.96	0.00	0.0616	10.98	483.0	392.00	0.0861	809.4	14.569	28.90	17.84	1.57
	83.94	31.62	70.96	0.00	0.0615	11.01	484.3	393.02	0.0862	807.4	14.534	28.83	17.80	1.57
	84.94	31.62	70.96	0.00	0.0617	11.00	483.8	392.63	0.0869	819.1	14.744	29.25	18.03	1.57
	85.94	31.62	70.98	0.00	0.0617	10.99	483.4	392.14	0.0870	819.8	14.757	29.27	18.05	1.58
	86.94	31.62	70.99	0.00	0.0616	11.02	484.7	393.22	0.0873	823.8	14.828	29.41	18.12	1.57
	87.94	31.62	70.96	0.00	0.0617	10.99	483.7	392.55	0.0877	826.0	14.869	29.50	18.17	1.57
	88.94	31.62	70.96	0.00	0.0614	10.96	482.1	391.30	0.0871	829.2	14.926	29.61	18.23	1.57
	89.94	31.62	70.93	0.00	0.0614	10.95	481.9	391.20	0.0875	824.3	14.837	29.44	18.13	1.57
	90.94	31.64	70.94	0.00	0.0616	11.00	483.9	392.85	0.0879	835.6	15.040	29.85	18.35	1.58
	91.94	31.64	70.96	0.00	0.0615	11.00	484.0	392.82	0.0882	835.8	15.044	29.85	18.35	1.58
	92.95	31.64	70.96	0.00	0.0617	10.98	483.2	392.17	0.0889	841.8	15.152	30.06	18.47	1.57
	93.94	31.61	70.94	0.00	0.0616	11.01	484.4	393.21	0.0886	844.3	15.197	30.16	18.51	1.58
	95.02	31.64	70.96	0.00	0.0613	10.96	482.2	391.36	0.0885	845.0	15.211	30.18	18.53	1.58
	95.94	31.64	70.94	0.00	0.0616	10.99	483.7	392.74	0.0889	845.4	15.218	30.20	18.54	1.58
	96.95	31.66	70.91	0.00	0.0615	10.95	482.0	391.49	0.0889	850.0	15.300	30.38	18.62	1.58
	97.94	31.64	70.94	0.00	0.0615	10.94	481.4	390.83	0.0892	851.2	15.322	30.41	18.65	1.58
	98.95	31.66	70.94	0.00	0.0614	10.96	482.2	391.53	0.0893	850.5	15.309	30.38	18.63	1.58
	99.94	31.61	70.93	0.00	0.0614	10.94	481.4	390.85	0.0894	855.4	15.398	30.56	18.72	1.58
	100.95	31.66	70.94	0.00	0.0614	10.93	480.7	390.33	0.0897	858.2	15.447	30.66	18.78	1.58
	101.94	31.66	70.96	0.00	0.0614	10.96	482.0	391.25	0.0893	856.8	15.422	30.60	18.75	1.58
	102.94	31.64	70.96	0.00	0.0613	10.93	481.1	390.43	0.0900	862.4	15.523	30.80	18.85	1.58
	103.94	31.66	70.94	0.00	0.0610	10.92	480.3	389.97	0.0892	858.8	15.459	30.68	18.79	1.58
	104.94	31.66	70.91	0.00	0.0613	10.92	480.5	390.33	0.0902	863.2	15.537	30.85	18.87	1.58
	105.94	31.68	70.96	0.00	0.0612	10.94	481.2	390.63	0.0901	865.3	15.576	30.91	18.91	1.58
	106.94	31.68	70.96	0.00	0.0611	10.89	479.2	388.96	0.0902	864.2	15.555	30.86	18.89	1.58
	107.94	31.68	70.96	0.00	0.0611	10.86	477.6	387.72	0.0905	874.3	15.738	31.23	19.08	1.58
	108.94	31.68	70.96	0.00	0.0610	10.90	479.8	389.45	0.0906	873.5	15.723	31.20	19.06	1.58
	110.02	31.68	70.96	0.00	0.0610	10.87	478.4	388.29	0.0902	873.0	15.714	31.18	19.05	1.58
	110.94	31.68	70.96	0.00	0.0611	10.89	479.3	389.08	0.0908	874.5	15.741	31.23	19.08	1.58
	112.02	31.68	70.96	0.00	0.0609	10.87	478.5	388.39	0.0910	874.9	15.748	31.25	19.09	1.58
	112.94	31.63	70.94	0.00	0.0612	10.87	478.2	388.22	0.0915	880.6	15.851	31.46	19.19	1.58
	113.95	31.68	70.96	0.00	0.0611	10.93	481.0	390.40	0.0914	881.1	15.860	31.47	19.20	1.58
	114.94	31.70	70.96	0.00	0.0614	10.89	479.3	389.10	0.0914	883.4	15.901	31.55	19.24	1.58
	115.95	31.68	70.93	0.00	0.0609	10.84	477.0	387.30	0.0916	883.9	15.910	31.58	19.25	1.58
	116.94	31.70	70.96	0.00	0.0609	10.84	476.9	387.14	0.0916	886.0	15.947	31.64	19.29	1.58
	117.95	31.70	70.88	0.00	0.0608	10.87	478.2	388.57	0.0920	889.3	16.008	31.80	19.35	1.58
	118.94	31.68	70.96	0.00	0.0610	10.84	476.9	387.10	0.0920	890.6	16.030	31.81	19.37	1.58
	119.95	31.72	70.96	0.00	0.0606	10.82	475.9	386.36	0.0922	891.0	16.039	31.83	19.38	1.58
	120.94	31.68	70.91	0.00	0.0609	10.84	476.8	387.30	0.0923	895.4	16.118	32.00	19.46	1.58
	121.94	31.65	70.93	0.00	0.0610	10.86	477.7	387.90	0.0925	898.4	16.171	32.09	19.51	1.58
	122.94	31.72	70.96	0.00	0.0607	10.82	476.1	386.55	0.0928	901.4	16.225	32.20	19.57	1.58
	123.94	31.70	70.96	0.00	0.0607	10.77	474.0	384.79	0.0930	902.7	16.248	32.24	19.59	1.58
	124.94	31.72	70.96	0.00	0.0605	10.79	474.7	385.39	0.0934	909.8	16.376	32.50	19.72	1.58
	125.94	31.72	70.96	0.00	0.0609	10.84	477.0	387.24	0.0931	908.9	16.360	32.47	19.70	1.58
