Mar 12 2018 at 11:49:06
Frequency: 1.00Hz.
CO2
Zero:  Value:0.91  Date:May 19 2009 at 7:53:33 AM
Span:  Value:1.00  Date:May 19 2009 at 8:00:06 AM
H2O
Zero:  Value:0.77  Date:May 19 2009 at 7:54:01 AM
Span:  Value:1.01  Date:28 Jun 2004	 at 08:29:05	
Overcast, light rain, first control plot
	Relative Time	Temperature	Pressure	Aux Input	CO2 Absorptance	CO2 mmol/m3	CO2 mg/m3	CO2 umol/mol	H2O Absorptance	H2O mmol/m3	H2O g/m3	H2O mmol/mol	H2O(°C)	Cooler Voltage
	0.53	28.49	70.46	0.00	0.0653	11.87	522.4	422.52	0.0653	543.4	9.782	19.34	11.51	1.44
	1.55	28.50	70.46	0.00	0.0653	11.88	522.7	422.78	0.0651	542.7	9.769	19.32	11.49	1.44
	2.53	28.50	70.44	0.00	0.0653	11.88	522.9	423.14	0.0655	544.0	9.791	19.37	11.53	1.44
	3.55	28.50	70.44	0.00	0.0653	11.87	522.4	422.74	0.0656	547.6	9.856	19.50	11.63	1.44
	4.53	28.49	70.44	0.00	0.0652	11.86	521.9	422.25	0.0654	547.4	9.853	19.49	11.62	1.44
	5.55	28.49	70.44	0.00	0.0651	11.86	521.9	422.30	0.0656	548.2	9.867	19.52	11.64	1.44
	6.53	28.49	70.46	0.00	0.0653	11.88	522.6	422.73	0.0659	548.2	9.867	19.51	11.64	1.44
	7.55	28.50	70.44	0.00	0.0654	11.89	523.3	423.44	0.0659	551.5	9.926	19.63	11.73	1.44
	8.53	28.49	70.46	0.00	0.0652	11.86	521.9	422.13	0.0662	554.3	9.977	19.73	11.81	1.44
	9.55	28.47	70.46	0.00	0.0651	11.86	521.7	421.97	0.0663	554.5	9.981	19.73	11.81	1.44
	10.53	28.49	70.44	0.00	0.0652	11.87	522.2	422.56	0.0665	559.1	10.064	19.91	11.94	1.44
	11.55	28.49	70.44	0.00	0.0653	11.87	522.4	422.66	0.0665	559.4	10.068	19.91	11.95	1.44
	12.53	28.50	70.44	0.00	0.0653	11.86	521.9	422.30	0.0666	562.6	10.126	20.03	12.04	1.44
	13.55	28.49	70.44	0.00	0.0652	11.88	522.9	423.10	0.0666	558.5	10.054	19.89	11.93	1.44
	14.53	28.46	70.44	0.00	0.0653	11.86	521.7	422.12	0.0669	562.6	10.127	20.03	12.03	1.44
	15.55	28.49	70.44	0.00	0.0653	11.87	522.4	422.74	0.0671	562.9	10.132	20.04	12.04	1.44
	16.53	28.46	70.44	0.00	0.0652	11.87	522.3	422.58	0.0673	566.5	10.197	20.17	12.14	1.44
	17.55	28.46	70.44	0.00	0.0652	11.87	522.1	422.44	0.0671	563.4	10.142	20.06	12.06	1.44
	18.53	28.49	70.44	0.00	0.0653	11.86	521.9	422.27	0.0672	566.1	10.190	20.15	12.13	1.44
	19.55	28.49	70.44	0.00	0.0652	11.86	521.8	422.24	0.0672	564.5	10.162	20.10	12.09	1.44
	20.53	28.49	70.44	0.00	0.0651	11.83	520.7	421.33	0.0680	571.5	10.287	20.35	12.27	1.44
	21.55	28.49	70.44	0.00	0.0651	11.85	521.4	421.93	0.0676	571.7	10.290	20.35	12.28	1.44
	22.62	28.47	70.46	0.00	0.0651	11.85	521.3	421.66	0.0673	568.7	10.236	20.24	12.20	1.44
	23.55	28.42	70.44	0.00	0.0651	11.84	521.1	421.53	0.0679	572.1	10.298	20.36	12.29	1.44
	24.53	28.47	70.44	0.00	0.0651	11.84	520.9	421.46	0.0680	573.7	10.327	20.42	12.33	1.44
	25.55	28.47	70.44	0.00	0.0651	11.84	520.9	421.44	0.0681	576.4	10.375	20.52	12.40	1.44
	26.53	28.49	70.44	0.00	0.0651	11.83	520.4	421.08	0.0681	577.8	10.400	20.57	12.44	1.44
	28.11	28.47	70.46	0.00	0.0651	11.84	520.9	421.33	0.0680	575.2	10.353	20.47	12.37	1.44
	28.61	28.42	70.46	0.00	0.0651	11.83	520.5	420.89	0.0685	578.5	10.413	20.58	12.46	1.44
	29.55	28.47	70.44	0.00	0.0650	11.82	519.9	420.68	0.0695	590.2	10.623	21.01	12.76	1.44
	30.61	28.42	70.44	0.00	0.0651	11.83	520.7	421.21	0.0687	583.0	10.493	20.75	12.57	1.44
	31.55	28.42	70.44	0.00	0.0650	11.83	520.6	421.17	0.0687	581.9	10.474	20.71	12.55	1.44
	32.55	28.42	70.46	0.00	0.0650	11.82	520.0	420.51	0.0688	586.9	10.564	20.88	12.68	1.44
	33.55	28.45	70.44	0.00	0.0651	11.82	520.2	420.91	0.0689	584.5	10.522	20.81	12.62	1.44
	34.55	28.45	70.44	0.00	0.0650	11.82	519.9	420.59	0.0691	590.0	10.621	21.00	12.76	1.44
	35.55	28.47	70.46	0.00	0.0651	11.82	520.1	420.65	0.0690	588.2	10.587	20.93	12.71	1.44
	36.55	28.42	70.44	0.00	0.0650	11.82	519.9	420.61	0.0692	589.4	10.609	20.98	12.74	1.44
	37.55	28.42	70.44	0.00	0.0650	11.81	519.4	420.22	0.0697	597.1	10.749	21.26	12.94	1.44
	38.55	28.45	70.44	0.00	0.0649	11.80	519.2	420.03	0.0700	599.3	10.787	21.33	13.00	1.44
	39.55	28.43	70.46	0.00	0.0651	11.81	519.6	420.19	0.0696	596.6	10.739	21.23	12.93	1.44
	40.55	28.45	70.44	0.00	0.0650	11.81	519.8	420.51	0.0699	597.2	10.749	21.26	12.94	1.44
	41.55	28.45	70.44	0.00	0.0650	11.82	519.9	420.63	0.0700	599.3	10.787	21.33	13.00	1.44
	42.55	28.40	70.44	0.00	0.0650	11.81	519.6	420.31	0.0703	603.9	10.870	21.49	13.11	1.44
	43.55	28.47	70.44	0.00	0.0650	11.81	519.6	420.38	0.0701	599.7	10.795	21.35	13.01	1.44
	44.55	28.45	70.44	0.00	0.0650	11.81	519.7	420.44	0.0701	603.0	10.853	21.46	13.09	1.44
	45.55	28.43	70.46	0.00	0.0649	11.81	519.4	420.07	0.0701	599.6	10.793	21.34	13.00	1.44
	46.55	28.43	70.46	0.00	0.0649	11.80	519.0	419.73	0.0705	603.3	10.860	21.47	13.10	1.44
	47.53	28.43	70.44	0.00	0.0649	11.80	519.3	420.13	0.0702	602.4	10.844	21.44	13.07	1.44
	48.55	28.43	70.44	0.00	0.0650	11.80	519.1	419.91	0.0702	601.3	10.823	21.40	13.05	1.44
	49.53	28.43	70.44	0.00	0.0649	11.79	518.9	419.82	0.0703	604.5	10.882	21.52	13.13	1.44
	50.55	28.43	70.44	0.00	0.0650	11.80	519.1	419.94	0.0706	607.8	10.940	21.63	13.21	1.44
	51.53	28.39	70.44	0.00	0.0649	11.80	519.0	419.79	0.0709	611.3	11.003	21.76	13.30	1.44
	52.55	28.41	70.44	0.00	0.0649	11.79	518.8	419.65	0.0707	608.5	10.952	21.66	13.23	1.44
	53.53	28.41	70.44	0.00	0.0649	11.79	518.7	419.62	0.0710	612.2	11.019	21.79	13.32	1.44
	54.55	28.39	70.44	0.00	0.0648	11.78	518.5	419.38	0.0711	612.4	11.023	21.79	13.32	1.44
	55.53	28.43	70.49	0.00	0.0649	11.78	518.5	419.16	0.0711	616.0	11.087	21.91	13.42	1.45
	56.55	28.41	70.44	0.00	0.0648	11.78	518.3	419.25	0.0712	615.9	11.086	21.92	13.41	1.44
	57.53	28.39	70.44	0.00	0.0650	11.79	518.6	419.49	0.0712	614.4	11.059	21.87	13.37	1.44
	58.55	28.39	70.46	0.00	0.0649	11.78	518.3	419.05	0.0710	615.0	11.071	21.88	13.39	1.44
	59.53	28.39	70.44	0.00	0.0649	11.78	518.2	419.18	0.0713	615.3	11.076	21.90	13.40	1.44
	60.55	28.41	70.46	0.00	0.0648	11.78	518.3	419.15	0.0717	620.6	11.172	22.08	13.53	1.44
	61.55	28.39	70.46	0.00	0.0649	11.78	518.2	418.98	0.0716	619.1	11.145	22.03	13.49	1.45
	62.55	28.41	70.46	0.00	0.0648	11.78	518.3	419.11	0.0717	620.8	11.175	22.09	13.54	1.44
	63.55	28.39	70.46	0.00	0.0649	11.78	518.2	419.02	0.0719	620.9	11.176	22.09	13.54	1.44
	64.53	28.37	70.44	0.00	0.0648	11.78	518.2	419.09	0.0718	621.5	11.187	22.12	13.55	1.44
	65.55	28.37	70.41	0.00	0.0649	11.77	518.1	419.18	0.0721	624.1	11.234	22.22	13.61	1.44
	66.53	28.37	70.44	0.00	0.0648	11.76	517.5	418.60	0.0722	627.5	11.296	22.33	13.70	1.45
	67.55	28.37	70.44	0.00	0.0649	11.76	517.7	418.70	0.0722	627.5	11.296	22.33	13.70	1.45
	68.53	28.39	70.44	0.00	0.0648	11.76	517.6	418.72	0.0723	628.0	11.304	22.35	13.71	1.44
	69.55	28.37	70.44	0.00	0.0648	11.77	518.0	418.94	0.0724	628.3	11.310	22.36	13.72	1.44
	70.55	28.39	70.44	0.00	0.0648	11.76	517.3	418.46	0.0726	632.3	11.382	22.51	13.82	1.45
	71.55	28.39	70.44	0.00	0.0648	11.77	517.7	418.79	0.0725	630.4	11.348	22.44	13.77	1.44
	72.55	28.37	70.44	0.00	0.0647	11.75	517.2	418.31	0.0724	632.8	11.390	22.52	13.83	1.45
	73.55	28.37	70.44	0.00	0.0647	11.76	517.6	418.66	0.0727	631.7	11.370	22.48	13.80	1.45
	74.55	28.37	70.46	0.00	0.0647	11.75	517.0	418.05	0.0731	639.7	11.515	22.76	13.99	1.45
	75.55	28.37	70.46	0.00	0.0647	11.76	517.3	418.25	0.0730	636.7	11.461	22.65	13.92	1.45
	76.53	28.37	70.46	0.00	0.0648	11.75	517.2	418.15	0.0730	637.9	11.482	22.69	13.95	1.45
	77.55	28.33	70.44	0.00	0.0649	11.76	517.4	418.44	0.0731	638.1	11.485	22.70	13.95	1.45
	78.53	28.35	70.46	0.00	0.0648	11.77	517.8	418.61	0.0738	656.9	11.825	23.37	14.40	1.45
	79.55	28.35	70.44	0.00	0.0647	11.75	517.1	418.25	0.0733	640.5	11.529	22.79	14.01	1.45
	80.53	28.35	70.44	0.00	0.0648	11.75	517.0	418.19	0.0734	642.0	11.557	22.85	14.05	1.45
	81.55	28.37	70.46	0.00	0.0647	11.75	517.1	418.09	0.0733	642.2	11.560	22.85	14.05	1.45
	82.53	28.40	70.44	0.00	0.0648	11.76	517.6	418.68	0.0737	646.7	11.641	23.02	14.16	1.45
	83.55	28.37	70.44	0.00	0.0647	11.75	516.9	418.08	0.0738	646.4	11.636	23.01	14.16	1.45
	84.53	28.35	70.46	0.00	0.0647	11.76	517.3	418.20	0.0736	645.2	11.614	22.95	14.13	1.45
	88.50	28.33	70.42	0.00	0.0648	11.75	517.1	418.36	0.0738	645.7	11.623	22.98	14.14	1.45
	88.50	28.35	70.46	0.00	0.0647	11.75	516.8	417.85	0.0737	648.7	11.677	23.08	14.21	1.45
	88.50	28.33	70.41	0.00	0.0647	11.75	516.8	418.13	0.0740	648.7	11.677	23.09	14.21	1.45
	88.53	28.33	70.44	0.00	0.0648	11.75	516.9	418.03	0.0742	651.5	11.727	23.18	14.27	1.45
	89.55	28.33	70.46	0.00	0.0647	11.75	517.0	417.96	0.0742	651.0	11.718	23.16	14.26	1.45
	90.53	28.35	70.41	0.00	0.0648	11.75	517.1	418.40	0.0742	652.7	11.748	23.23	14.30	1.45
	91.55	28.35	70.44	0.00	0.0647	11.74	516.4	417.70	0.0743	653.8	11.769	23.27	14.33	1.45
	92.61	28.33	70.44	0.00	0.0648	11.75	516.8	417.97	0.0743	653.0	11.755	23.24	14.31	1.45
	93.55	28.35	70.41	0.00	0.0646	11.74	516.4	417.81	0.0746	656.3	11.814	23.37	14.39	1.45
	94.61	28.35	70.44	0.00	0.0647	11.74	516.6	417.85	0.0744	655.2	11.794	23.32	14.36	1.45
	95.55	28.33	70.44	0.00	0.0647	11.75	516.9	418.00	0.0744	653.9	11.770	23.27	14.33	1.45
	96.61	28.32	70.44	0.00	0.0647	11.73	516.3	417.56	0.0745	656.2	11.812	23.35	14.38	1.45
	97.55	28.29	70.41	0.00	0.0647	11.74	516.7	417.96	0.0748	659.9	11.878	23.49	14.47	1.45
	98.55	28.33	70.44	0.00	0.0647	11.74	516.5	417.69	0.0747	658.7	11.856	23.44	14.44	1.45
	99.55	28.29	70.46	0.00	0.0648	11.74	516.6	417.62	0.0748	658.6	11.855	23.42	14.44	1.45
	100.55	28.29	70.44	0.00	0.0646	11.73	516.2	417.39	0.0749	661.0	11.897	23.52	14.49	1.45
	101.55	28.32	70.44	0.00	0.0647	11.73	516.3	417.53	0.0749	661.3	11.903	23.53	14.50	1.45
	102.55	28.32	70.44	0.00	0.0646	11.73	516.0	417.26	0.0750	663.7	11.946	23.62	14.56	1.45
	103.55	28.32	70.46	0.00	0.0646	11.73	516.1	417.21	0.0751	661.8	11.912	23.54	14.51	1.45
	104.55	28.30	70.46	0.00	0.0647	11.74	516.3	417.38	0.0749	662.4	11.923	23.56	14.53	1.45
	105.55	28.27	70.44	0.00	0.0647	11.72	515.6	416.89	0.0751	664.3	11.958	23.63	14.57	1.45
	106.55	28.30	70.44	0.00	0.0646	11.73	516.0	417.29	0.0753	664.4	11.959	23.64	14.58	1.45
	107.55	28.30	70.44	0.00	0.0646	11.71	515.3	416.67	0.0752	666.3	11.994	23.71	14.62	1.45
	108.55	28.27	70.44	0.00	0.0647	11.72	515.5	416.81	0.0754	667.5	12.014	23.75	14.65	1.45
	109.55	28.28	70.44	0.00	0.0645	11.71	515.3	416.66	0.0756	670.7	12.072	23.86	14.72	1.45
	110.55	28.30	70.44	0.00	0.0646	11.71	515.0	416.48	0.0757	671.3	12.084	23.89	14.74	1.45
	111.55	28.30	70.41	0.00	0.0645	11.70	514.7	416.39	0.0757	671.7	12.090	23.91	14.74	1.45
	112.55	28.30	70.46	0.00	0.0645	11.70	515.0	416.29	0.0758	672.9	12.112	23.93	14.77	1.45
	113.55	28.30	70.46	0.00	0.0645	11.70	514.7	416.08	0.0758	675.1	12.152	24.01	14.82	1.45
	114.55	28.30	70.46	0.00	0.0645	11.70	514.7	416.05	0.0759	674.4	12.139	23.99	14.81	1.45
	115.55	28.30	70.46	0.00	0.0646	11.69	514.5	415.87	0.0760	676.7	12.181	24.07	14.86	1.45
	116.55	28.30	70.44	0.00	0.0645	11.69	514.5	416.07	0.0760	676.4	12.176	24.07	14.85	1.45
	117.53	28.30	70.44	0.00	0.0646	11.70	514.6	416.13	0.0761	676.7	12.180	24.08	14.86	1.45
	118.55	28.30	70.39	0.00	0.0645	11.69	514.2	416.06	0.0762	679.0	12.223	24.18	14.91	1.45
	119.53	28.25	70.41	0.00	0.0645	11.68	514.0	415.75	0.0764	680.7	12.253	24.22	14.95	1.45
	120.55	28.28	70.44	0.00	0.0645	11.69	514.2	415.80	0.0763	681.4	12.264	24.24	14.96	1.45
	121.53	28.28	70.46	0.00	0.0644	11.68	513.9	415.35	0.0765	682.0	12.276	24.25	14.98	1.45
	122.55	28.28	70.46	0.00	0.0645	11.68	513.8	415.28	0.0765	682.1	12.277	24.26	14.98	1.45
	123.53	28.26	70.44	0.00	0.0644	11.67	513.5	415.21	0.0766	683.9	12.310	24.33	15.02	1.45
